OTU_984	OTU_1217	OTU_1795	OTU_337	OTU_1	OTU_8
Arabidopsis	0.00202128340701541	0.0032531732941941	0.00740336132922575	0.00167503639592862	0.123163368218711	0.00956722175250549
tub4.RS.1S.ITS1o.Y1	0	0	0	0	3.7424029220682e-06	0.0042364001077812
spa3.RP.N1.ITS1o.Y1	0	0	0	0	0.000204817948354367	0.000330859762726284
tub4.RS.2P.ITS1o.Y1	0	0	0	0	0	0.0172049294443203
tub4.RP.1P.ITS1o.Y1	0	0	0	0	0	0.0546050609568692
tub4.Soil.3P.ITS1o.Y1	0	0	0	0	0	0.0106064920273349
tub4.RS.N3.ITS1o.Y1	0	0	0	0	0	0
spa3.Root.2P.ITS1o.Y1	0	0	0	0	0	0
spa3.Soil.4P.ITS1o.Y1	2.4662128834961e-05	2.4662128834961e-05	0.00113445792640821	0.000221959159514649	0.00143040347242774	0.0014550656012627
tub4.RS.4P.ITS1o.Y1	0	0	0	0	0	0.00386963792634076
spa3.Root.N3.ITS1o.Y1	2.26716241951573e-05	2.26716241951573e-05	4.53432483903147e-05	0	0	0.311757504307609
tub4.Soil.N2.ITS1o.Y1	0	0	0	0	0	0
tub4.RP.N2.ITS1o.Y1	0	0	0	0	0	0
tub4.Soil.1S.ITS1o.Y1	0	0	0	0	0	0.0521331162578996
spa3.Soil.1P.ITS1o.Y1	0	9.52256252157456e-05	0.000559450548142505	0.000119032031519682	0.00098796586161336	0.000880837033245646
tub4.RS.3P.ITS1o.Y1	0	0	0	0	0	0.000129186448341569
tub4.RP.2P.ITS1o.Y1	0	0	0	0	0	0.125786817874421
tub4.Soil.2P.ITS1o.Y1	0	0	0	0	0	0.0106925837104888
spa3.RS.2P.ITS1o.Y1	0	0	0	0	0.000141402714932127	0
tub4.RS.3S.ITS1o.Y1	0	0	0	0	0	0
tub4.Soil.4P.ITS1o.Y1	0	0	0	0	0	0.0020570610857705
spa3.RS.3P.ITS1o.Y1	0	0	0	0	0.000444454841048913	0
tub4.Soil.4S.ITS1o.Y1	0	0	0	0	0	0.0024414504023872
spa3.RS.N1.ITS1o.Y1	0	4.81452059411184e-05	0.000577742471293421	4.81452059411184e-05	0.000794395898028454	0.000890686309910691
tub4.Soil.1P.ITS1o.Y1	0	0	0	0	0	0.0866346332309088
spa3.Soil.4S.ITS1o.Y1	2.49818881311049e-05	7.49456643933148e-05	0.00117414874216193	0.000724474755802043	0.00207349671488171	0.00222338804366834
spa3.Soil.1S.ITS1o.Y1	2.44516712717314e-05	7.33550138151943e-05	0.000635743453065017	0.000146710027630389	0.000929163508325794	0.223317113724723
tub4.Soil.2S.ITS1o.Y1	0	0	0	0	0	0.120442586468667
spa3.RS.N2.ITS1o.Y1	2.8791063253966e-05	0.000172746379523796	0.000806149771111047	8.63731897618979e-05	0.00112285146690467	0.000892522960872945
spa3.RS.1P.ITS1o.Y1	0	0	0	0	0.000238891543239369	0.000716674629718108
spa3.Root.3P.ITS1o.Y1	1.29983232163051e-05	0	0	0	0	0
spa3.Root.N1.ITS1o.Y1	0	0	0	0	0	0.000306689668391796
tub4.Soil.N3.ITS1o.Y1	0	0	0	0	0	0
tub4.RP.3P.ITS1o.Y1	0	0	0	0	3.25013000520021e-05	0.000650026001040042
spa3.Soil.2S.ITS1o.Y1	2.69469145782808e-05	5.38938291565616e-05	0.000511991376987335	8.08407437348424e-05	0.00191323093505794	0.00412287793047696
spa3.RS.N3.ITS1o.Y1	5.65530892124982e-05	5.65530892124982e-05	0.000848296338187473	0.000480701258306235	0.00178142231019369	0.00873745228333098
tub4.RS.2S.ITS1o.Y1	0	0	0	0	0	0.000916025949062951
spa3.Root.1S.ITS1o.Y1	0.00187811062071556	0.00112686637242934	0.00441355995868157	9.3905531035778e-05	0.197389426237205	0.0085454033242558
tub4.RS.N2.ITS1o.Y1	0	0	0	0	0	0
tub4.Soil.N1.ITS1o.Y1	0	0	0	0	0	0
spa3.Soil.N2.ITS1o.Y1	0	0	0.00113880804757687	0.000316335568771353	0.00328988991522207	0.00151841073010249
tub4.RP.4S.ITS1o.Y1	0	0	0	0	0	0
tub4.Soil.3S.ITS1o.Y1	0	0	0	0	0	0.000336686166407138
spa3.Soil.2P.ITS1o.Y1	4.82928478292365e-05	4.82928478292365e-05	0.000458782054377747	0.000217317815231564	0.00222147100014488	0.00214903172840102
spa3.RP.2P.ITS1o.Y1	0	0	0	0	0	0
spa3.RP.N2.ITS1o.Y1	5.70874008106411e-05	0.000114174801621282	0	0	0.00245475823485757	0.00239767083404693
tub4.RS.4S.ITS1o.Y1	0	0	0	0	0	0.0392395010977718
tub4.Root.2P.ITS1o.Y1	0	0	0	0	0	0.274691358024691
tub4.RS.N1.ITS1o.Y1	0	0	0	0	0	0.00307576423325592
spa3.RS.4S.ITS1o.Y1	0	0	0	0	0	3.12607458813967e-05
spa3.Soil.N1.ITS1o.Y1	2.43938137288384e-05	2.43938137288384e-05	0.000780602039322828	0.000414694833390252	0.00204908035322242	0.00258574425525687
spa3.Soil.3P.ITS1o.Y1	0	0	0	0	0	0
tub4.RS.1P.ITS1o.Y1	0	0	0	0	0	0.0174774249927177
spa3.RS.1S.ITS1o.Y1	0.000956937799043062	0	0.00502392344497608	0.00143540669856459	0.00956937799043062	0.0138755980861244
spa3.Soil.N3.ITS1o.Y1	0.000149790293588975	0.000149790293588975	0.00269622528460156	0.000748951467944877	0.00464349910125824	0.00554224086279209
spa3.RS.4P.ITS1o.Y1	0	0	0	0	0.000958932666249739	0
tub4.Root.1S.ITS1o.Y1	0	0	0	0	0.00312546509897306	0.204420300639976
spa3.Soil.3S.ITS1o.Y1	0.000329012305060209	0.000329012305060209	0.00276370336250576	0.000526419688096335	0.00532999934197539	0.00526419688096335
spa3.Root.2S.ITS1o.Y1	0	0	0	0	0.000296445617051552	0
spa3.RS.2S.ITS1o.Y1	7.09018718094158e-05	0.000141803743618832	0.00333238797504254	7.09018718094158e-05	0.00616846284741917	0.00560124787294385
spa3.RP.3P.ITS1o.Y1	0	0	0	0	0	0
spa3.Root.1P.ITS1o.Y1	0	0	0	0	0	0.000227195274338294
spa3.Root.N2.ITS1o.Y1	0	0	0	0	0.00164639651601253	0.000265547825163312
spa3.Root.4P.ITS1o.Y1	0.000765990042129452	0	0	0	0	0
tub4.RP.N1.ITS1o.Y1	0	0	0	0	0	0
tub4.Root.4P.ITS1o.Y1	0	0	0	0	0	0
spa3.Root.3S.ITS1o.Y1	0	0	0	0	0.349970640046976	0
spa3.RP.N3.ITS1o.Y1	0.0050071530758226	0	0.00214592274678112	0	0.01931330472103	0
tub4.Root.4S.ITS1o.Y1	0	0	0	0	0	0
tub4.RP.4P.ITS1o.Y1	0	0	0	0	0	0.00738613048830529
spa3.RS.3S.ITS1o.Y1	0	0	0	0	0.011134307585247	0
spa3.RP.1P.ITS1o.Y1	0	0	0	0	0	0.083969465648855
spa3.RP.4P.ITS1o.Y1	0	0	0	0	0	0
tub4.RP.N3.ITS1o.Y1	0	0	0	0	0.00414364640883978	0
tub4.Root.N3.ITS1o.Y1	0	0	0	0	0	0
tub4.Root.3S.ITS1o.Y1	0	0	0	0	0	0
tub4.Root.N1.ITS1o.Y1	0	0	0	0	0	0
tub4.Root.N2.ITS1o.Y1	0	0	0	0	0	0
tub4.Root.1P.ITS1o.Y1	0	0	0	0	0.089572192513369	0.298128342245989
spa3.RP.1S.ITS1o.Y1	0	0	0	0	0	0
SD.RS.2P.ITS1o.Y1	0	0	0	9.73520249221184e-05	0	0.000292056074766355
SD.Root.2P.ITS1o.Y1	0	0	0	0	0.000568343279340722	0.000284171639670361
SD.RS.3P.ITS1o.Y1	0	7.30513551026372e-05	0	0	0.000292205420410549	0
pulh.Soil.1P.ITS1o.Y1	0.0017941776910417	0.00312969341595244	0.0107560727743653	0.000804906783700413	0.158917377892493	0.000103423776676589
SD.RP.1P.ITS1o.Y1	0	0	0	0	0.0190239333354866	0.00032298698362456
SD.RS.4S.ITS1o.Y1	0	0	3.26136586002218e-05	0	9.78409758006653e-05	0.000228295610201552
SD.Soil.1P.ITS1o.Y1	9.2378752886836e-05	0.000277136258660508	0.000554272517321016	0.000646651270207852	0.00277136258660508	0.0033256351039261
SD.RP.N2.ITS1o.Y1	0	3.83391481041291e-05	0	0	0.0124985622819461	0.000498408925353679
SD.Soil.N1.ITS1o.Y1	0	0	0	0	0.00765177217931134	0
SD.RS.1P.ITS1o.Y1	0	0	0	0	7.24270297675092e-05	7.24270297675092e-05
pulh.RP.1P.ITS1o.Y1	0.00176854987752792	0.00535428475421578	0.00821933555581101	0.000959438308558897	0.155561647227356	0.00045098021876962
SD.Root.N2.ITS1o.Y1	0	0	0	0	0	0.00337837837837838
SD.RP.2P.ITS1o.Y1	0	0	0	0	0.018629222855554	0
SD.Root.4P.ITS1o.Y1	0	0	0	0	0	0
SD.Root.1P.ITS1o.Y1	0	0	0	0	0.000919117647058824	0.000114889705882353
pulh.Soil.3S.ITS1o.Y1	0.00260005236216563	0.0059584533299629	0.0139572255274585	0.00139933373658219	0.225220507913007	0.000144447353453646
SD.Root.3S.ITS1o.Y1	0	0	0	0	0	0
pulh.RP.2P.ITS1o.Y1	0.000697414915380324	0.00144132415845267	0.00088339222614841	4.64943276920216e-05	0.0123674911660777	0
SD.Soil.N2.ITS1o.Y1	0	0.000313873195229127	0	0	0.0125549278091651	0.00470809792843691
pulh.RP.N1.ITS1o.Y1	0	0	0	2.54598225814078e-05	2.18227050697781e-05	0.602223006223108
SD.Soil.2S.ITS1o.Y1	0.000221385875581138	0.000996236440115121	0.00166039406685853	0.000442771751162276	0.00254593756918309	0.00354217400929821
SD.RP.3P.ITS1o.Y1	0	0	0	0	0.00705065625338974	0
pulh.RS.1S.ITS1o.Y1	0.00209800020406081	0.00354555657585961	0.0137804815835119	0.000797112539536782	0.175352004897459	6.37690031629426e-06
SD.RS.N1.ITS1o.Y1	0	0.000742942050520059	0.00037147102526003	0.000742942050520059	0.00222882615156018	0.00705794947994056
SD.RP.4P.ITS1o.Y1	0	0	0	0	0.0225765157686489	0
pulh.Soil.3P.ITS1o.Y1	0.00185711408945472	0.00379030273197145	0.00701675877654219	0.000881569820777303	0.14227731412078	0.158454344080729
SD.Root.3P.ITS1o.Y1	0	0	0	0	0.000553939897521119	0.000415454923140839
pulh.RS.2S.ITS1o.Y1	0.00258140983145503	0.00603668213503686	0.0132686474216035	0.000984350830671568	0.199371220795918	1.00443962313425e-05
SD.RP.N1.ITS1o.Y1	0	0	0.000759532128209023	0	0.176819079447061	0
pulh.Soil.4P.ITS1o.Y1	0.00206234075675892	0.00529100529100529	0.0110575503196128	0.000845960164787033	0.169477356799968	0.000250284072422199
SD.RS.4P.ITS1o.Y1	0	0	0	0	0.000785777428543365	0
pulh.Soil.N2.ITS1o.Y1	0.00221599881348095	0.00384746250687047	0.0120309541881505	0.000828818453860985	0.177183936625924	0.00591514643913419
SD.Soil.3S.ITS1o.Y1	0.00016239038648912	0	0.00178629425138032	0.00016239038648912	0.00600844430009743	0.00600844430009743
SD.RS.2S.ITS1o.Y1	0	0	0	0	0.000134223683769001	0
SD.Soil.N3.ITS1o.Y1	0	0	0	0	0.00208298892378906	6.61266325012399e-05
SD.RS.3S.ITS1o.Y1	0	0	0	0	0	0
pulh.Soil.2S.ITS1o.Y1	0.00200860172187766	0.0044465228957597	0.00860172187765929	0.00085863890400877	0.170255828394882	7.66641878579259e-06
SD.Root.4S.ITS1o.Y1	0	0	0	0	0.00348432055749129	0.00696864111498258
pulh.Soil.N3.ITS1o.Y1	0.00218649759422614	0.00484287289494788	0.00835129310344828	0.00090843023255814	0.168686096631917	5.01202886928629e-05
pulh.Root.N3.ITS1o.Y1	0.00233690360272639	0.00934761441090555	0.0103213242453749	0.00233690360272639	0.228042843232717	0
pulh.Soil.2P.ITS1o.Y1	0.00359138767716053	0.008803279550113	0.0136385136910706	0.00140151714230655	0.281240693050227	4.37974106970796e-05
SD.Soil.3P.ITS1o.Y1	0	0.000662163951794464	0.00331081975897232	0.00119189511323004	0.00701893788902132	0.00913786253476361
SD.Soil.2P.ITS1o.Y1	0.000266714082503556	0	0.00106685633001422	0.000622332859174964	0.00257823613086771	0.0123577524893314
SD.Soil.4P.ITS1o.Y1	4.90990327490548e-05	0.000196396130996219	0.000883782589482987	0.000147297098247165	0.00216035744095841	0.00324053616143762
pulh.RS.N1.ITS1o.Y1	0.0014288630332721	0.00357215758318024	0.00642988364972443	0.000714431516636048	0.106654419269239	0.402939375382731
SD.Root.N1.ITS1o.Y1	0	0	0	0	0.0114503816793893	0.00763358778625954
pulh.RS.N2.ITS1o.Y1	0.00165623849834376	0.00920132499079867	0.0121457489878543	0.00147221199852779	0.241810820758189	0.0502392344497608
pulh.Soil.N1.ITS1o.Y1	0.00167786065342526	0.00439015457105666	0.00832990996965992	0.000960191642373158	0.142553812802225	0.0096365625139203
SD.Soil.4S.ITS1o.Y1	7.35835172921266e-05	0.00022075055187638	0.00103016924208977	0.000147167034584253	0.00206033848417954	0.0025018395879323
SD.Soil.1S.ITS1o.Y1	0	0.00089126559714795	0.00445632798573975	0.00089126559714795	0.0115864527629234	0.00802139037433155
SD.RS.1S.ITS1o.Y1	0	0	0	0	0.000435843793584379	0.000784518828451883
pulh.RP.N3.ITS1o.Y1	0.00286532951289398	0.00573065902578797	0.0659025787965616	0.00286532951289398	0	0
pulh.Root.2S.ITS1o.Y1	0.00226564712546021	0.00693854432172189	0.00623052959501558	0.0011328235627301	0.201642594165959	0
pulh.Soil.4S.ITS1o.Y1	0.00242142715951769	0.00933979047242538	0.0107234631350069	0.00133425578177505	0.217286024906108	0
pulh.RP.4P.ITS1o.Y1	0.00180754600800485	0.00648531617157783	0.00641579517126995	0.000715073146023895	0.148159183227562	0.00055616800246303
SD.RS.N2.ITS1o.Y1	0	0.000368595650571323	0.00147438260228529	0.000737191301142647	0.00516033910799853	0.00405455215628456
pulh.Soil.1S.ITS1o.Y1	0.00253209542001688	0.00404246812669362	0.0124827861934166	0.00111056816667407	0.185198347474568	4.44227266669628e-05
pulh.Root.2P.ITS1o.Y1	0.00252188102655392	0.00474707016763092	0.00474707016763092	0.00074172971369233	0.153834742619789	0
pulh.RS.1P.ITS1o.Y1	0.00134661998384056	0.00471316994344196	0.00983032588203609	0.000942633988688392	0.145030972259628	0.000269323996768112
pulh.Root.1S.ITS1o.Y1	0.00331425128050618	0.00994275384151853	0.00964145827056342	0.00210906899668575	0.207592648388069	0
pulh.Root.4P.ITS1o.Y1	0.00214646464646465	0.00681818181818182	0.0112373737373737	0.000378787878787879	0.150505050505051	0
pulh.RS.N3.ITS1o.Y1	0.00258366141732283	0.0046751968503937	0.0077509842519685	0.00135334645669291	0.14800688976378	0.000861220472440945
pulh.Root.4S.ITS1o.Y1	0.00197215777262181	0.00696055684454756	0.00823665893271462	0.00127610208816705	0.174593967517401	0
pulh.RS.4S.ITS1o.Y1	0.0017579841781424	0.00659244066803399	0.0125988866100205	0.00102549077058306	0.176970407266335	0
pulh.RP.N2.ITS1o.Y1	0	0	0	0	0	0.567567567567568
pulh.RS.3P.ITS1o.Y1	0.00179492932465784	0.0074040834642136	0.00628225263630245	0.00134619699349338	0.175678707650886	0.00314112631815122
pulh.Root.3S.ITS1o.Y1	0.00230547550432277	0.00547550432276657	0.0145533141210375	0.00115273775216138	0.163832853025937	0
pulh.Root.3P.ITS1o.Y1	0.0016240956739997	0.00487228702199911	0.0131404104532703	0.000295290122545401	0.153255573601063	0
pulh.RS.2P.ITS1o.Y1	0.00147109726548979	0.00519210799584631	0.00519210799584631	0.000259605399792316	0.129023883696781	8.65351332641052e-05
SD.Root.2S.ITS1o.Y1	0	0	0	0	0.00120821586790173	0.000402738622633911
SD.RP.2S.ITS1o.Y1	0	0	0	0	0	0
pulh.RS.3S.ITS1o.Y1	0.00405222872579919	0.00675371454299865	0.0157586672669968	0.00225123818099955	0.263845114813147	0
pulh.Root.1P.ITS1o.Y1	0.00190091481525484	0.00510870856599739	0.00760365926101937	0.000594035879767138	0.149934656053226	0
pulh.Root.N2.ITS1o.Y1	0.00215982721382289	0.00629949604031678	0.0143988480921526	0.00143988480921526	0.194924406047516	0.00143988480921526
pulh.Root.N1.ITS1o.Y1	0.00224511357633386	0.00409403063919704	0.0106973058637084	0.00118858954041204	0.153988378235605	0.000396196513470681
pulh.RS.4P.ITS1o.Y1	0.0017259978425027	0.00496224379719525	0.00776699029126214	0.000431499460625674	0.111974110032362	0.000215749730312837
SD.RP.N3.ITS1o.Y1	0	0	0	0	0	0.0460526315789474
pulh.RP.3P.ITS1o.Y1	0	0	0	0.000983284169124877	0.0265486725663717	0.0825958702064897
SD.Root.N3.ITS1o.Y1	0	0	0	0	0.00392156862745098	0
SD.RP.3S.ITS1o.Y1	0	0	0	0	0.00442477876106195	0.123893805309735
tub2.Root.3P.ITS1o.Y1	0.00269210510914731	0.00187276877158073	0.00942236788201557	0.00122900450634986	0.126060747937028	0.00181424474746884
tub2.Root.2P.ITS1o.Y1	0.00160527205136871	0.00245015207840487	0.00675904021628929	0.00168976005407232	0.127914836093275	0.00270361608651571
tub3.Soil.4P.ITS1o.Y1	0.00206646855893705	0.00198107729617106	0.00927349113638692	0.00146872971957509	0.139102367045804	0.00329610274276736
tub2.Root.4S.ITS1o.Y1	0.00125971026663867	0.00164962058726493	0.00701838577127261	0.00116973096187877	0.0868300290933085	0.00233946192375754
tub3.RS.3P.ITS1o.Y1	0.00243220235923629	0.00267542259515992	0.0111881308524869	0.00133771129757996	0.136324942235194	0.00231059224127447
tub2.Soil.N2.ITS1o.Y1	0.00173773559684534	0.00227242347279775	0.0141692287127389	0.00160406362785724	0.154658468119235	0.00240609544178586
tub3.RS.1S.ITS1o.Y1	0.00250104210087536	0.00194525496734751	0.00875364735306378	0.00180630818396554	0.122273169376129	0.00208420175072947
tub2.RS.N3.ITS1o.Y1	0.00185385447242391	0.00185385447242391	0.0108141510891395	0.00139039085431794	0.111849219836243	0.0021628302178279
tub3.RS.N3.ITS1o.Y1	0.0018450184501845	0.00322878228782288	0.0108394833948339	0.000922509225092251	0.15890221402214	0.00438191881918819
tub2.Soil.1P.ITS1o.Y1	0.00180616740088106	0.00162995594713656	0.00916299559471366	0.00118942731277533	0.132334801762115	0.00268722466960352
tub3.Soil.N3.ITS1o.Y1	0.00186987474092097	0.00182481751824818	0.00799765702442101	0.00153194557087501	0.12875101378751	0.0210191943768586
tub3.Soil.1P.ITS1o.Y1	0.00248280711005647	0.00250477885439325	0.00894249994507064	0.00169182431393228	0.146112099839606	0.00296618548546569
tub2.RS.4S.ITS1o.Y1	0.00206061646775994	0.0031767837211299	0.0137374431183996	0.00188889842877994	0.169142268395295	0.0031767837211299
tub3.Root.N2.ITS1o.Y1	0.0011125533098461	0.00278138327461524	0.00982755423697385	0.000556276654923048	0.129797886148711	0.00333765992953829
tub3.Soil.3P.ITS1o.Y1	0.00161858859074887	0.00269764765124811	0.00861448816631897	0.00151068268469894	0.12905546363571	0.00233796129774836
tub3.Soil.N2.ITS1o.Y1	0.00303003816682691	0.00276782332546689	0.0118579378259476	0.00157328904816013	0.182035369868601	0.028639687672989
tub3.Soil.2S.ITS1o.Y1	0.00423297013404405	0.00348828094379556	0.0197538606255389	0.00262600924982363	0.252880771341224	0.00462491181312221
tub3.Soil.3S.ITS1o.Y1	0.00185026649360692	0.001933114247052	0.0085057026870288	0.00160172323327166	0.128745408853663	0.00234735301427743
tub3.Soil.1S.ITS1o.Y1	0.00173931949124905	0.00173931949124905	0.00760952277421459	0.00184802695945211	0.127405152733993	0.00195673442765518
tub2.Root.4P.ITS1o.Y1	0.0016069936363052	0.00231407083627949	0.0112489554541364	0.00154271389085299	0.124252747959118	0.00257118981808832
tub2.Soil.4P.ITS1o.Y1	0.00182635571789829	0.00224782242202866	0.00976397864568699	0.000983422309637539	0.127353189098061	0.00217757797134026
tub3.Soil.4S.ITS1o.Y1	0.00215274218349564	0.0026652998462327	0.00861096873398257	0.00153767298821117	0.132444900051256	0.00287032291132752
tub3.Root.3P.ITS1o.Y1	0.00271591526344378	0.00353068984247691	0.00977729494839761	0.00162954915806627	0.123845736013036	0.00298750678978816
tub3.Soil.N1.ITS1o.Y1	0.00245848176207917	0.00243339521348653	0.00893081129898149	0.00165571220711455	0.143720836887261	0.0195675079022628
tub2.RS.N1.ITS1o.Y1	0.00168471720818291	0.00312876052948255	0.0137184115523466	0.00144404332129964	0.177376654632972	0.00529482551143201
tub2.Root.1P.ITS1o.Y1	0.00205941088367449	0.00212181727408887	0.00761357963055417	0.00137294058911633	0.110584123814279	0.00287069395906141
tub3.Soil.2P.ITS1o.Y1	0.00183216630990821	0.00168704422595508	0.00916083154954105	0.00121539745310743	0.130192649566448	0.0032108261074629
tub3.RS.4P.ITS1o.Y1	0.00213779030220581	0.00194344572927801	0.010786123797493	0.00116606743756681	0.122339908658051	0.00233213487513361
tub2.Soil.2S.ITS1o.Y1	0.00186992345000877	0.00192835855782154	0.0118623268859931	0.000876526617191609	0.131888038333431	0.00222053409688541
tub2.Root.N1.ITS1o.Y1	0.00179756045367002	0.00222555103787717	0.0118981382409587	0.00111277551893858	0.143291247592553	0.0037663171410229
tub3.RS.N2.ITS1o.Y1	0.00240122244051517	0.00218292949137743	0.0111329404060249	0.000873171796550971	0.149967256057629	0.0124426981008513
tub2.Soil.N1.ITS1o.Y1	0.00270239837856097	0.00292759824344105	0.00990879405472357	0.00112599932440041	0.127125323724806	0.00326539804076118
tub2.RP.4P.ITS1o.Y1	0	0	0	0	0.0151072124756335	0
tub2.RS.1P.ITS1o.Y1	0.00209643605870021	0.00332963374028857	0.0114687384387717	0.0017264767542237	0.169194721913923	0.00332963374028857
tub2.Soil.3S.ITS1o.Y1	0.00247615553925165	0.00220102714600147	0.0149486426999266	0.00192589875275128	0.168470286133529	0.00366837857666911
tub2.RS.3P.ITS1o.Y1	0.00141342756183746	0.00306242638398115	0.00706713780918728	0.000942285041224971	0.122497055359246	0.00282685512367491
tub2.RS.4P.ITS1o.Y1	0.00185620591510952	0.00185620591510952	0.00816730602648187	0.00136121767108031	0.108031184259374	0.00197995297611682
tub2.Soil.N3.ITS1o.Y1	0.00142738194361841	0.00154633043891995	0.00773165219459974	0.00190317592482455	0.145117164267872	0.0038063518496491
tub2.Soil.1S.ITS1o.Y1	0.00226689955033632	0.00252703556430934	0.0103311159834999	0.00126351778215467	0.155524174068156	0.00219257497491546
tub2.RS.2P.ITS1o.Y1	0.00133904659882164	0.00187466523835029	0.00723085163363685	0.00120514193893948	0.117166577396893	0.00254418853776111
tub3.Root.2P.ITS1o.Y1	0.000817661488143908	0.00224856909239575	0.0120605069501226	0.000817661488143908	0.149223221586263	0.00572363041700736
tub3.Root.1P.ITS1o.Y1	0.00227085053674649	0.00392237819983485	0.00846407927332783	0.0018579686209744	0.124483897605285	0.00309661436829067
tub2.Soil.3P.ITS1o.Y1	0.00235294117647059	0.00302521008403361	0.0110924369747899	0.00134453781512605	0.136806722689076	0.00291316526610644
tub2.RP.N3.ITS1o.Y1	0	0	0	0	0.00757814966845595	0.000315756236185665
tub2.RS.2S.ITS1o.Y1	0.00251889168765743	0.00215905001799208	0.0125944584382872	0.000899604174163368	0.159229938826916	0.00305865419215545
tub2.Soil.2P.ITS1o.Y1	0.00460866110448947	0.00564163686928884	0.0177989670242352	0.0022248708780294	0.256019070321812	0.00548271752085816
tub3.RS.1P.ITS1o.Y1	0.00177085177970604	0.00283336284752966	0.00867717372055959	0.00212502213564725	0.130865946520276	0.00177085177970604
tub3.RP.N2.ITS1o.Y1	0	0	0	0	0.0103480714957667	0.436265286923801
tub2.RP.1P.ITS1o.Y1	0	0	0	0	0.0687397708674304	0
tub2.Root.N3.ITS1o.Y1	0.00208536076741276	0.00347560127902127	0.0115389962463506	0.00194633671625191	0.192409286806618	0.00333657722786042
tub2.RS.3S.ITS1o.Y1	0.00466910272025985	0.00426309378806334	0.0146163215590743	0.00284206252537556	0.23020706455542	0.00588712951684937
tub3.Root.4P.ITS1o.Y1	0.00178094390026714	0.00237459186702286	0.0121697833184921	0.00118729593351143	0.154051647373108	0.00504600771742357
tub2.RS.1S.ITS1o.Y1	0.00194552529182879	0.00194552529182879	0.0124214307093685	0.00134690212511224	0.133792277761149	0.00134690212511224
tub3.RP.N3.ITS1o.Y1	0.00252684775742262	0.00268477574226153	0.00773847125710676	0.000631711939355654	0.139766266582438	0.025584333543904
tub2.Soil.4S.ITS1o.Y1	0.00294672324375295	0.0033003300330033	0.0101367279585101	0.00141442715700141	0.163366336633663	0.00436115040075436
tub3.Root.3S.ITS1o.Y1	0	0	0.0117056856187291	0	0.446488294314381	0
tub2.Root.3S.ITS1o.Y1	0.00250888563662973	0.00177712732594606	0.011812669872465	0.00167259042441982	0.121158268868911	0.0032406439473134
tub3.RP.N1.ITS1o.Y1	0.00122925629993854	0.00122925629993854	0.000614628149969269	0	0.0362630608481868	0.452366318377382
tub2.RP.3P.ITS1o.Y1	0	0	0	0	0.0769230769230769	0
tub2.Root.2S.ITS1o.Y1	0	0	0.00236220472440945	0	0.0137795275590551	0
tub3.RS.2P.ITS1o.Y1	0.0018881626724764	0.00261437908496732	0.00697167755991285	0.000580973129992738	0.138997821350763	0.00305010893246187
tub2.RP.N2.ITS1o.Y1	0	0	0.00235017626321974	0	0.474735605170388	0.0223266745005875
tub3.RS.2S.ITS1o.Y1	0.00164024056861673	0.00328048113723346	0.0311645708037179	0.00218698742482231	0.247676325861126	0.00492072170585019
tub3.RP.4P.ITS1o.Y1	0	0	0	0	0.0745884773662551	0.00102880658436214
tub2.RP.3S.ITS1o.Y1	0.00195058517555267	0.00325097529258778	0.00195058517555267	0	0.147594278283485	0.0533159947984395
tub3.Root.N3.ITS1o.Y1	0.00256739409499358	0.00385109114249037	0.0123234916559692	0.00102695763799743	0.173555840821566	0.00231065468549422
tub3.Root.2S.ITS1o.Y1	0	0	0.00440528634361234	0	0.36784140969163	0.00220264317180617
tub3.RS.N1.ITS1o.Y1	0.00146252285191956	0.0036563071297989	0.00950639853747715	0.000914076782449726	0.140219378427788	0.00530164533820841
tub3.RS.4S.ITS1o.Y1	0	0	0.000249438762783737	0	0.0578697929658269	0
tub2.Root.N2.ITS1o.Y1	0.00189326706898592	0.00248491302804402	0.0110046148384807	0.000946633534492959	0.143296651283872	0.0041415217134067
tub3.Root.N1.ITS1o.Y1	0.00182926829268293	0.00264227642276423	0.00833333333333333	0.0024390243902439	0.145528455284553	0.0032520325203252
tub2.RS.N2.ITS1o.Y1	0.00813008130081301	0.002710027100271	0.010840108401084	0.00542005420054201	0.265582655826558	0.00542005420054201
tub3.RS.3S.ITS1o.Y1	0	0	0	0	0.0373626373626374	0.00989010989010989
tub3.Root.1S.ITS1o.Y1	0.0025062656641604	0	0.0050125313283208	0	0.463659147869674	0
tub3.RP.3S.ITS1o.Y1	0	0.00327868852459016	0.00327868852459016	0	0.413114754098361	0
tub3.RP.1P.ITS1o.Y1	0	0	0	0	0.0776203966005666	0.0203966005665722
tub2.RP.4S.ITS1o.Y1	0.00381679389312977	0.00381679389312977	0.00763358778625954	0	0.125954198473282	0.00763358778625954
tub2.RP.2S.ITS1o.Y1	0	0	0.00684931506849315	0	0.181506849315068	0
tub3.RP.1S.ITS1o.Y1	0	0	0	0	0.363636363636364	0
tub3.RP.3P.ITS1o.Y1	0	0	0.0103448275862069	0	0.355172413793103	0.0103448275862069
tub2.RP.2P.ITS1o.Y1	0	0	0	0	0.267080745341615	0
tub3.RP.2S.ITS1o.Y1	0.0104712041884817	0	0.00523560209424084	0	0.246073298429319	0
tub2.RP.1S.ITS1o.Y1	0	0	0	0	0.330275229357798	0.055045871559633
tub2.Root.1S.ITS1o.Y1	0	0	0	0	0.238095238095238	0
tub3.Root.4S.ITS1o.Y1	0	0	0	0	0.421276595744681	0
tub3.RP.2P.ITS1o.Y1	0	0	0	0.00383141762452107	0.28735632183908	0
tub2.RP.N1.ITS1o.Y1	0	0	0	0	0.227722772277228	0.0099009900990099
tub3.RP.4S.ITS1o.Y1	0	0.00520833333333333	0.0104166666666667	0	0.739583333333333	0.015625
geyen.RS.4P.ITS1o.Y1	0	0	0	0	0.000181752090149037	0.0116321337695383
spa1.Root.1P.ITS1o.Y1	0.00190631808278867	0.00408496732026144	0.00354030501089325	0.00163398692810458	0.125272331154684	0.00190631808278867
spa1.Soil.2S.ITS1o.Y1	0.00498753117206983	0.0029925187032419	0.0119700748129676	0.00249376558603491	0.303241895261845	0.00249376558603491
geyen.RP.N1.ITS1o.Y1	0	0	0	0	0.290010023387905	0
geyen.RS.4S.ITS1o.Y1	0	0	0	0	0.00353283458021613	0.099334995843724
spa1.RS.1P.ITS1o.Y1	0.00165700082850041	0.00331400165700083	0.00497100248550124	0.000828500414250207	0.112399889533278	0.00165700082850041
geyen.Soil.1P.ITS1o.Y1	0.00170274872293846	0.00170274872293846	0.00340549744587692	0	0.0586232060325955	0.000729749452687911
spa1.Soil.1S.ITS1o.Y1	0.00231588698471515	0.00301065308012969	0.00463177396943029	0.000463177396943029	0.132468735525706	0.0016211208893006
spa1.Root.N2.ITS1o.Y1	0.0013262599469496	0.00341038272072755	0.00397877984084881	0.000189465706707086	0.0790071996968549	0.00227358848048503
geyen.RS.1P.ITS1o.Y1	0.00036003600360036	0.00216021602160216	0.00216021602160216	0.00018001800180018	0.0552655265526553	0.00288028802880288
geyen.Soil.2P.ITS1o.Y1	0.0031201248049922	0.0078003120124805	0.0109204368174727	0.0015600624024961	0.21996879875195	0.0093603744149766
geyen.RS.2S.ITS1o.Y1	0.00329218106995885	0.00493827160493827	0.00411522633744856	0	0.107818930041152	0.00329218106995885
spa1.Soil.3S.ITS1o.Y1	0.000529941706412295	0.00397456279809221	0.00662427133015368	0.000264970853206147	0.126391096979332	0.00211976682564918
geyen.Root.N2.ITS1o.Y1	0.001634521085322	0.0052304674730304	0.004903563255966	0.0019614253023864	0.135665250081726	0.0039228506047728
spa1.Root.4S.ITS1o.Y1	0.000709219858156028	0.00307328605200946	0.00520094562647754	0.000472813238770686	0.075886524822695	0.000709219858156028
spa1.Soil.N2.ITS1o.Y1	0.00307255967856299	0.00543606712361144	0.00827227605766958	0.00118175372252423	0.203261640274167	0.00425431340108721
geyen.Soil.1S.ITS1o.Y1	0.000741289844329133	0	0.00667160859896219	0.000741289844329133	0.0934025203854707	0.0022238695329874
spa1.Soil.2P.ITS1o.Y1	0.00234672924611323	0.00205338809034908	0.00616016427104723	0.000880023467292461	0.124963332355529	0.00968025814021707
geyen.RS.3S.ITS1o.Y1	0.000229515721826945	0.000688547165480835	0	0.000229515721826945	0.0025246729400964	0.0339683268303879
spa1.RS.3S.ITS1o.Y1	0.00218281036834925	0.00300136425648022	0.00682128240109141	0.00109140518417462	0.103137789904502	0.00218281036834925
spa1.RP.1P.ITS1o.Y1	0.0015319800842589	0.00191497510532363	0.00536193029490617	0.000765990042129452	0.128686327077748	0.0015319800842589
geyen.RS.N2.ITS1o.Y1	0.00103252452245741	0.00413009808982963	0.00542075374290139	0.00103252452245741	0.1115126484254	0.00258131130614352
spa1.RS.1S.ITS1o.Y1	0.00128225677191858	0.00256451354383715	0.00560987337714377	0.000480846289469466	0.118929315595448	0.00240423144734733
geyen.RS.2P.ITS1o.Y1	0.0014792899408284	0.0022189349112426	0.00320512820512821	0.000986193293885602	0.0993589743589744	0.0022189349112426
spa1.Soil.3P.ITS1o.Y1	0.00142551674982181	0.00427655024946543	0.00570206699928724	0.000237586124970302	0.121168923734854	0.00237586124970302
spa1.Root.N1.ITS1o.Y1	0.00371120107962213	0.00371120107962213	0.00641025641025641	0.00168690958164642	0.118758434547908	0.00134952766531714
spa1.RP.2P.ITS1o.Y1	0.00197863078749505	0.00474871388998813	0.00435298773248912	0.000791452314998021	0.109220419469727	0.0035615354174911
geyen.Soil.3P.ITS1o.Y1	0.000788022064617809	0.00394011032308905	0.00472813238770686	0	0.113475177304965	0.00157604412923562
spa1.RS.3P.ITS1o.Y1	0.00151114469210427	0.0011333585190782	0.00528900642236494	0.000377786173026067	0.123158292406498	0.00151114469210427
geyen.RP.2P.ITS1o.Y1	0	0	0	0	0	0.000571428571428571
geyen.Soil.3S.ITS1o.Y1	0.00115074798619102	0.00268507863444572	0.0061373225930188	0.00115074798619102	0.0809359416954354	0.00268507863444572
geyen.RS.N3.ITS1o.Y1	0.0006635700066357	0.0024330900243309	0.0037602300376023	0	0.0813979208139792	0.0121654501216545
spa1.Root.3S.ITS1o.Y1	0.00301204819277108	0.00401606425702811	0.0100401606425703	0.000753012048192771	0.135291164658635	0.000251004016064257
geyen.Soil.N1.ITS1o.Y1	0.00539811066126856	0.0067476383265857	0.00472334682860999	0.00269905533063428	0.118758434547908	0.00134952766531714
spa1.Soil.4P.ITS1o.Y1	0.00133511348464619	0.00244770805518469	0.00400534045393859	0.000222518914107699	0.147530040053405	0.00289274588340009
spa1.RP.4P.ITS1o.Y1	0.000461254612546125	0.000461254612546125	0.00415129151291513	0.000461254612546125	0.129612546125461	0.0018450184501845
geyen.Root.1P.ITS1o.Y1	0.00261878039655817	0.00448933782267116	0.00486344930789375	0.00149644594089039	0.123082678638234	0.00261878039655817
spa1.Root.2P.ITS1o.Y1	0.00147983721790603	0.00258971513133555	0.00776914539400666	0.00147983721790603	0.160562338142804	0.00147983721790603
spa1.RP.N3.ITS1o.Y1	0.00221141088014153	0.00309597523219814	0.00486510393631137	0.000884564352056612	0.144626271561256	0.00132684652808492
geyen.Soil.2S.ITS1o.Y1	0	0.00371245359433007	0.00506243671954101	0.00134998312521093	0.0685116436044549	0.00607492406344921
spa1.RS.N1.ITS1o.Y1	0.00176803394625177	0.00388967468175389	0.00601131541725601	0.000353606789250354	0.118104667609618	0.00424328147100424
geyen.Root.N1.ITS1o.Y1	0.00374149659863946	0.00306122448979592	0.00816326530612245	0.00136054421768707	0.14047619047619	0.00238095238095238
geyen.RS.3P.ITS1o.Y1	0.000540832882639265	0.00648999459167117	0.00324499729583559	0.00108166576527853	0.13250405624662	0.0124391563007031
geyen.RS.1S.ITS1o.Y1	0	0	0	0	0.00128393250183419	0
spa1.Soil.N3.ITS1o.Y1	0.00198229152900753	0.00383243028941456	0.00317166644641205	0.000792916611603013	0.111140478393022	0.00118937491740452
geyen.RS.N1.ITS1o.Y1	0.00251466890192791	0.009639564124057	0.00461022632020117	0.00209555741827326	0.155490360435876	0.00461022632020117
spa1.RS.N3.ITS1o.Y1	0.00194024058983314	0.0069848661233993	0.00737291424136593	0.000776096235933256	0.133100504462553	0.00349243306169965
geyen.Root.2P.ITS1o.Y1	0.00139470013947001	0.00557880055788006	0.00523012552301255	0.00104602510460251	0.132496513249651	0.00174337517433752
geyen.Soil.4P.ITS1o.Y1	0.00193948797517455	0.00387897595034911	0.00465477114041893	0.000387897595034911	0.0942591155934833	0.00193948797517455
spa1.Root.N3.ITS1o.Y1	0.00173946656358717	0.00405875531503672	0.00367220718979513	0.000966370313103981	0.105914186316196	0.00289911093931194
geyen.RP.N3.ITS1o.Y1	0.00132978723404255	0.00398936170212766	0.00842198581560284	0.000886524822695035	0.113475177304965	0.00842198581560284
spa1.Soil.4S.ITS1o.Y1	0.00189949922293214	0.00379899844586427	0.00742531514418926	0.00069072699015714	0.126921084441375	0.0034536349507857
spa1.Root.2S.ITS1o.Y1	0.0024906600249066	0.00155666251556663	0.00716064757160648	0.000933997509339975	0.11612702366127	0.00062266500622665
spa1.RP.3P.ITS1o.Y1	0.00165137614678899	0.00275229357798165	0.0055045871559633	0	0.100733944954128	0.00165137614678899
spa1.Soil.1P.ITS1o.Y1	0.00351014040561622	0.00507020280811232	0.00351014040561622	0.00078003120124805	0.143330733229329	0.00214508580343214
spa1.Root.4P.ITS1o.Y1	0.00276912426445137	0.00484596746278989	0.006576670128072	0.00276912426445137	0.135687088958117	0.00138456213222568
spa1.Root.1S.ITS1o.Y1	0.00105485232067511	0.00421940928270042	0.00791139240506329	0.00210970464135021	0.12289029535865	0.00158227848101266
spa1.RS.4P.ITS1o.Y1	0.00216049382716049	0.0037037037037037	0.00864197530864197	0.000617283950617284	0.0916666666666667	0.00185185185185185
geyen.Soil.4S.ITS1o.Y1	0.00194552529182879	0.00389105058365759	0.00648508430609598	0.00194552529182879	0.127107652399481	0.00583657587548638
geyen.Root.N3.ITS1o.Y1	0.00290697674418605	0.00319767441860465	0.00436046511627907	0.000872093023255814	0.0976744186046512	0.103779069767442
spa1.RS.N2.ITS1o.Y1	0.00110782865583456	0.00295420974889217	0.0107090103397341	0.00110782865583456	0.127400295420975	0.00110782865583456
spa1.RS.2P.ITS1o.Y1	0.000997008973080758	0.00132934529744101	0.00398803589232303	0.00132934529744101	0.130275839149219	0.000997008973080758
spa1.Root.3P.ITS1o.Y1	0.00289169295478444	0.00473186119873817	0.00604626708727655	0.0010515247108307	0.113827549947424	0.00236593059936909
geyen.Soil.N2.ITS1o.Y1	0.00230547550432277	0.00230547550432277	0.00922190201729107	0.000576368876080692	0.137752161383285	0.00230547550432277
spa1.Soil.N1.ITS1o.Y1	0.00162249864791779	0.00270416441319632	0.00324499729583559	0.00162249864791779	0.151433207138994	0.00324499729583559
geyen.Root.3P.ITS1o.Y1	0.00231252064750578	0.00462504129501156	0.00561612157251404	0.0013214403700033	0.114304592005286	0.00198216055500496
spa1.RS.2S.ITS1o.Y1	0.00361663652802893	0.0108499095840868	0.0132610006027728	0.00180831826401447	0.266425557564798	0.00723327305605787
geyen.Soil.N3.ITS1o.Y1	0.00183234081539166	0.00549702244617499	0.00412276683463124	0	0.097572148419606	0.000916170407695831
spa1.RS.4S.ITS1o.Y1	0.000941176470588235	0.00517647058823529	0.0112941176470588	0.00141176470588235	0.108705882352941	0.00188235294117647
spa1.RP.3S.ITS1o.Y1	0.000906618313689937	0.00453309156844968	0.00498640072529465	0.0013599274705349	0.109247506799637	0.0779691749773345
geyen.RP.2S.ITS1o.Y1	0	0	0	0	0.144230769230769	0
spa1.RP.N2.ITS1o.Y1	0.000910746812386157	0.00273224043715847	0.00819672131147541	0.000910746812386157	0.158469945355191	0.000910746812386157
geyen.RP.N2.ITS1o.Y1	0.00524109014675052	0.00314465408805031	0.010482180293501	0.00314465408805031	0.133123689727463	0
spa1.RP.N1.ITS1o.Y1	0.00598802395209581	0	0.00598802395209581	0.0179640718562874	0.0658682634730539	0.0239520958083832
geyen.Root.4P.ITS1o.Y1	0	0	0.005	0	0.26	0
geyen.Root.3S.ITS1o.Y1	0	0	0	0	0.00895522388059702	0
spa1.RP.1S.ITS1o.Y1	0	0	0.0291970802919708	0	0.0802919708029197	0
geyen.RP.3P.ITS1o.Y1	0	0	0	0	0.191588785046729	0.130841121495327
spa1.RP.2S.ITS1o.Y1	0	0	0.0072992700729927	0	0.192214111922141	0.0121654501216545
spa1.RP.4S.ITS1o.Y1	0.00387596899224806	0.00387596899224806	0	0	0.197674418604651	0
geyen.RP.4P.ITS1o.Y1	0	0	0	0	0.314285714285714	0.133333333333333
geyen.RP.1P.ITS1o.Y1	0	0	0	0	0.00398406374501992	0
geyen.RP.4S.ITS1o.Y1	0	0	0.0118343195266272	0	0.372781065088757	0
spa2.RS.1S.ITS1o.Y1	0.00169596053037311	0.00215849522047487	0.00822283893514236	0.000513927433446397	0.120207626683112	0.00205570973378559
tou1.RP.N2.ITS1o.Y1	0.00183073978530415	0.00324540234667554	0.0115669468253308	0.00141466256137139	0.171257385370725	0.000249646334359657
spa2.Root.1P.ITS1o.Y1	0.00138700262952582	0.00216719160863409	0.00751293090993152	0.000837980755338515	0.116710492096975	0.00182044095125264
spa2.RS.1P.ITS1o.Y1	0.00196568977841315	0.0016678579938051	0.0094710507505361	0.000953061710745771	0.138789611627353	0.00172742435072671
tou1.RP.N1.ITS1o.Y1	0.00133892707310542	0.00205302151209497	0.0104436311702223	0.00107114165848433	0.145764527358743	0.00562349370704276
tou1.RS.1S.ITS1o.Y1	0.00129261593149136	0.00135724672806592	0.00979156568104702	0.000613992567458394	0.103021489739861	0.00216513168524802
tou1.Root.4S.ITS1o.Y1	0.00212918924897688	0.00257161818382922	0.0118626258157283	0.000884857869704679	0.130240017697157	0.00212918924897688
tou1.RP.2P.ITS1o.Y1	0.00105494505494505	0.0021978021978022	0.00531868131868132	0.000395604395604396	0.0782417582417582	0.000395604395604396
spa2.Root.2P.ITS1o.Y1	0.00160155977995961	0.00201935798342734	0.0135784416127011	0.0011141285425806	0.166910382285356	0.0022282570851612
tou1.RS.N2.ITS1o.Y1	0.00313075506445672	0.00441988950276243	0.0197053406998158	0.00119705340699816	0.211878453038674	0.00340699815837937
tou1.RS.2S.ITS1o.Y1	0.00187265917602996	0.00145131086142322	0.0105805243445693	0.00135767790262172	0.123174157303371	0.0026685393258427
tou1.RS.3S.ITS1o.Y1	0.000338906461816539	0.000819023949389968	0.00344554902846814	0.000282422051513782	0.041967916854948	0.000706055128784455
tou1.RS.N3.ITS1o.Y1	0.00110995037868895	0.00169757116740663	0.0058109166884304	0.000424392791851658	0.0848132671715853	0.00153434317054061
spa2.RS.3S.ITS1o.Y1	0.00212467428342353	0.00172379234315494	0.0129484866706755	0.000761675686510323	0.128322309079976	0.00188414511926238
tou1.Soil.2P.ITS1o.Y1	0.00393700787401575	0.00454270139309509	0.0158994548758328	0.00158994548758328	0.226983646274985	0.00378558449424591
tou1.Soil.N3.ITS1o.Y1	0.00154952520958322	0.00190710795025627	0.00727084906035202	0.000595971234455084	0.103301680638881	0.0016289880408439
tou1.Root.N1.ITS1o.Y1	0.00191021967526266	0.00250014045732906	0.0122759705601438	0.00103938423506939	0.131468060003371	0.00162930501713579
tou1.Soil.4P.ITS1o.Y1	0.00144092219020173	0.00159530671058049	0.00993207081103335	0.000771922601893783	0.119493618773158	0.0027274598600247
spa2.Soil.2P.ITS1o.Y1	0.00136549840691853	0.0019723865877712	0.00963434987103626	0.000303444090426339	0.135867091488393	0.00182066454255803
tou1.RS.N1.ITS1o.Y1	0.0021943795568769	0.00212359311955829	0.0111134706590217	0.00120336943441637	0.155234657039711	0.00276067105542578
tou1.Soil.N1.ITS1o.Y1	0.00225697243269386	0.00214949755494653	0.011177387285722	0.000806061583104949	0.129560965124402	0.00177333548283089
spa2.RS.N1.ITS1o.Y1	0.00206028233498665	0.00251812285387257	0.0104540251812285	0.000915681037771843	0.137275848912629	0.00228920259442961
tou1.Root.3P.ITS1o.Y1	0.00193586661254566	0.00224810316295626	0.0117713179504793	0.000749367720985419	0.126299684641084	0.00231055047303837
spa2.Root.N3.ITS1o.Y1	0.00181653042688465	0.00242204056917953	0.0141537995761429	0.00128670905237663	0.185210414774447	0.00317892824704814
spa2.Soil.N1.ITS1o.Y1	0.00183223133912212	0.0028678403568868	0.0121086592846332	0.000955946785628933	0.16155500677129	0.00231020473193659
tou1.Root.N2.ITS1o.Y1	0.00230608733848238	0.00215966909476921	0.0124455507156192	0.00135436875434679	0.153812365020682	0.0021962736556975
tou1.Soil.2S.ITS1o.Y1	0.00224178013948854	0.00232480903354367	0.0102540684158087	0.000456658917303222	0.115202590501495	0.00178512122218532
tou1.RS.1P.ITS1o.Y1	0.00105570609142415	0.00130203751275645	0.00478586761445614	0.000703804060949432	0.060069676602034	0.000809374670091846
tou1.RS.4P.ITS1o.Y1	0.00112824370063934	0.00146671681083114	0.00793531402783001	0.000564121850319669	0.0882286573899962	0.00180518992102294
tou1.Root.3S.ITS1o.Y1	0.00144074550916559	0.00229906198271105	0.0114033474342468	0.00107289559193183	0.127582612960579	0.00165532462755196
tou1.RS.3P.ITS1o.Y1	0.000971360531428213	0.00100269474211945	0.00369743686156546	0.000250673685529861	0.0566522529297487	0.00106536316350191
spa2.Soil.1S.ITS1o.Y1	0.0015218594355285	0.00159103486441616	0.0105838406198118	0.000830105146651909	0.124861649142225	0.00235196458218041
spa2.Root.3S.ITS1o.Y1	0.0026359932901989	0.0020968128444764	0.0147375988497484	0.000539180445722502	0.159297867241792	0.00131799664509945
spa2.Soil.3P.ITS1o.Y1	0.00144508670520231	0.00270953757225434	0.0104768786127168	0.000903179190751445	0.129877167630058	0.00135476878612717
tou1.Root.4P.ITS1o.Y1	0.00150851869380028	0.00239588263132986	0.0107666824420256	0.000828206341694274	0.135382158069096	0.00192262186464742
tou1.RS.2P.ITS1o.Y1	0.0011304155505861	0.0011304155505861	0.00361241491165557	0.000319465264296071	0.0513110362961689	0.000860098788489421
tou1.Root.1S.ITS1o.Y1	0.00160759682966951	0.00328996560490504	0.00938387916853597	0.00112157918349035	0.143113503813369	0.00209361447584866
spa2.Soil.2S.ITS1o.Y1	0.00180570603105814	0.0050559768869628	0.025279884434814	0.000361141206211629	0.27266161068978	0.00559768869628025
spa2.RS.4S.ITS1o.Y1	0.00176720075400566	0.00182610744580584	0.0123704052780396	0.000824693685202639	0.130301602262017	0.00159048067860509
spa2.RP.4P.ITS1o.Y1	0.00180790960451977	0.0015819209039548	0.00870056497175141	0.00124293785310734	0.156949152542373	0.000338983050847458
spa2.Root.N2.ITS1o.Y1	0.00162388685175485	0.00188580408590885	0.00942902042954426	0.000838135149292823	0.132111052907281	0.00277632268203248
spa2.Soil.N3.ITS1o.Y1	0.00213371266002845	0.00174576490365964	0.00898745635587741	0.00122850122850123	0.118453381611276	0.00232768653821285
spa2.RS.3P.ITS1o.Y1	0.00149468237999425	0.00155217016384018	0.00988789882150043	0.000804828973843058	0.129232538085657	0.00201207243460765
spa2.RS.N2.ITS1o.Y1	0.00207770621234157	0.00277027494978877	0.0132280628852414	0.00083108248493663	0.165385414502389	0.00228547683357573
tou1.RP.4P.ITS1o.Y1	0.00104172092296474	0.0014063232460024	0.00770873482993906	0.000937548830668264	0.110318245741966	0.000989634876816501
spa2.Root.N1.ITS1o.Y1	0.00185264357987744	0.00192389910218042	0.0117571611799914	0.000712555223029785	0.16125124697164	0.00228017671369531
tou1.Soil.N2.ITS1o.Y1	0.0018374846876276	0.00142915475704369	0.013985300122499	0.000816659861167824	0.159759085340955	0.00311351572070233
spa2.Root.1S.ITS1o.Y1	0.000870995838575438	0.00125810510016452	0.0107422820090971	0.000580663892383625	0.112358463176231	0.000580663892383625
spa2.RS.2P.ITS1o.Y1	0.00133139675623336	0.00157346889373033	0.00629387557492133	0.000726216412490922	0.127814088598402	0.00181554103122731
tou1.Root.2P.ITS1o.Y1	0.00199427100329961	0.00264694151347039	0.00852097610500743	0.000906486819681642	0.149062692628449	0.00221182784002321
tou1.Soil.1S.ITS1o.Y1	0.00219077506069039	0.00254603588134289	0.0124341287228373	0.00124341287228373	0.160518680798153	0.00343418793297413
tou1.RS.4S.ITS1o.Y1	0.00195423312109941	0.00277375023639917	0.00970812582739709	0.000819517115299754	0.123116686629263	0.00321502868309904
tou1.Root.2S.ITS1o.Y1	0.00176444640494045	0.00401411557123952	0.00904278782531981	0.00101455668284076	0.154962505513895	0.00211733568592854
tou1.Root.1P.ITS1o.Y1	0.00217790361220871	0.00276904887837964	0.00989390498117669	0.00108895180610435	0.139883637721291	0.001929000342242
tou1.Soil.4S.ITS1o.Y1	0.0023210270544716	0.00340900848625517	0.00805106259519837	0.00123304562268804	0.145571915572641	0.00297381591354174
spa2.RP.N3.ITS1o.Y1	0.00227745321318942	0.00217843350826815	0.00851569462323002	0.00118823645905535	0.179225665907516	0.00247549262303198
tou1.Root.N3.ITS1o.Y1	0.00265130270738796	0.00321215520318156	0.01371539285168	0.00101973181053383	0.200377300769898	0.00254932952633457
spa2.RP.1P.ITS1o.Y1	0.00323066982554383	0.00107688994184794	0.00689209562782684	0.000215377988369589	0.176609950463063	0.00172302390695671
tou1.Soil.3P.ITS1o.Y1	0.00115660421003932	0.00148045338885034	0.00689336109183437	0.000647698357622022	0.0986814712005552	0.00189683090446449
spa2.Soil.1P.ITS1o.Y1	0.00271828665568369	0.00238879736408567	0.0112850082372323	0.000823723228995058	0.16169686985173	0.00172981878088962
spa2.RP.N1.ITS1o.Y1	0.00245487364620939	0.00259927797833935	0.00866425992779783	0.000722021660649819	0.193935018050542	0.000433212996389892
tou1.RP.N3.ITS1o.Y1	0.00142806140664049	0.00142806140664049	0.00749732238486255	0	0.105319528739736	0.00606926097822206
spa2.Soil.4P.ITS1o.Y1	0.00181938471716838	0.0014058881905392	0.00860072775388687	0.000744293747932517	0.135874958650347	0.00173668541184254
tou1.Soil.1P.ITS1o.Y1	0.00145843461351483	0.00131953607889437	0.00920202791860546	0.000902840475032988	0.117091464685048	0.00201402875199667
tou1.Soil.3S.ITS1o.Y1	0.00158998310642949	0.00129186127397396	0.0100367683593362	0.000347808804531452	0.118900924177681	0.00248434860379608
spa2.Root.4P.ITS1o.Y1	0.00284247927358863	0.00268456375838926	0.0131859455191473	0.00118436636399526	0.196683774180813	0.00213185945519147
spa2.Root.4S.ITS1o.Y1	0.00193230277185501	0.00259861407249467	0.0144589552238806	0.000666311300639659	0.134195095948827	0.00126599147121535
spa2.Soil.N2.ITS1o.Y1	0.00280767430978007	0.0026906878802059	0.013102480112307	0.00128685072531586	0.209405708937763	0.00315863359850257
spa2.Soil.3S.ITS1o.Y1	0.00181124880838894	0.00114394661582459	0.0132507149666349	0.00114394661582459	0.132697807435653	0.00238322211630124
spa2.RS.N3.ITS1o.Y1	0.00269775508237788	0.00346854224877156	0.0127179882454957	0.000867135562192889	0.169669525002409	0.00317949706137393
spa2.Root.3P.ITS1o.Y1	0.00234386813851505	0.00309995463481022	0.0105096022985029	0.00113412974444276	0.13791017692424	0.00219265083925601
spa2.Root.2S.ITS1o.Y1	0.00152063721940623	0.00188269370021723	0.0141202027516293	0.00130340333091962	0.156842867487328	0.00123099203475742
spa2.Soil.4S.ITS1o.Y1	0.00207516716624395	0.00207516716624395	0.0105295519176082	0.000614864345553762	0.131734686034894	0.00230574129582661
tou1.RP.1P.ITS1o.Y1	0.000655689931516829	0.0022584875418913	0.00735829812035553	0.000655689931516829	0.103599009179659	0.00167565204720968
tou1.RP.3P.ITS1o.Y1	0.00230215827338129	0.00230215827338129	0.0105035971223022	0.000911270983213429	0.13083932853717	0.00196642685851319
spa2.RS.4P.ITS1o.Y1	0.00103286955465095	0.00218725317455495	0.00978188225287077	0.000364542195759159	0.0961783826477915	0.00194422504404885
spa2.RS.2S.ITS1o.Y1	0.00424438735619345	0.0041326929520831	0.0230090472467329	0.00100524963699319	0.282921925611527	0.00301574891097956
tou1.RP.1S.ITS1o.Y1	0.000624219725343321	0	0	0	0.132958801498127	0
spa2.RP.2P.ITS1o.Y1	0.00105180120957139	0.00184065211674993	0.00709965816460689	0.000262950302392848	0.151985274783066	0.00236655272153563
spa2.RP.N2.ITS1o.Y1	0.0016366612111293	0.0016366612111293	0.0106382978723404	0	0.235679214402619	0
tou1.RP.2S.ITS1o.Y1	0	0	0.00282087447108604	0	0.109308885754584	0.0148095909732017
tou1.RP.3S.ITS1o.Y1	0	0.00033478406427854	0.000669568128557081	0	0.0716437897556076	0.00836960160696351
spa2.RP.4S.ITS1o.Y1	0.0041407867494824	0.0041407867494824	0.0186335403726708	0.0041407867494824	0.253623188405797	0.005175983436853
spa2.RP.3P.ITS1o.Y1	0.00130344108446298	0.00182481751824818	0.00964546402502607	0.00104275286757039	0.303701772679875	0
tou1.RP.4S.ITS1o.Y1	0.0145560407569141	0.00873362445414847	0	0	0.298398835516739	0
spa2.RP.1S.ITS1o.Y1	0.00264084507042254	0.00176056338028169	0.0132042253521127	0.000880281690140845	0.151408450704225	0.00704225352112676
spa2.RP.2S.ITS1o.Y1	0	0	0.00471698113207547	0	0.233490566037736	0
spa2.RP.3S.ITS1o.Y1	0	0.00523560209424084	0.0104712041884817	0	0.107329842931937	0
tou2.RP.4P.ITS1o.Y1	0.00128613767265	0.000503271263210871	0.0023485992283174	0.00156573281887826	0.121959402784768	0.0023485992283174
tou2.Root.3P.ITS1o.Y1	0.0021290751829674	0.000266134397870925	0.00239520958083832	0.00146373918829009	0.0998003992015968	0.00186294078509647
ham.Soil.1S.ITS1o.Y1	0.00211382113821138	0.00105691056910569	0.00341463414634146	0.00195121951219512	0.152682926829268	0.00284552845528455
tou2.RS.N1.ITS1o.Y1	0.00152311698521103	0.000540460865720041	0.00265317152262566	0.00191617943300742	0.118999656070358	0.00103178892546553
ham.RS.N1.ITS1o.Y1	0.00230049182928764	0.00087260034904014	0.00412501983182611	0.00237981913374584	0.163096937966048	0.00309376487386959
tou2.Soil.3P.ITS1o.Y1	0.00102918776501585	0.000288172574204438	0.00135852784982092	0.00131736033922029	0.0788357828002141	0.00111152278621712
ham.RS.2S.ITS1o.Y1	0.00180770534402892	0.00135577900802169	0.00463224494407412	0.00282453960004519	0.101457462433623	0.00180770534402892
ham.RS.N3.ITS1o.Y1	0.00199252801992528	0.000448318804483188	0.00273972602739726	0.00149439601494396	0.114321295143213	0.00164383561643836
tou2.Soil.4S.ITS1o.Y1	0.000913641058234687	0.00011917057281322	0.00111225867959005	0.000754746961150393	0.0699134027170891	0.00139032334948757
tou2.Soil.3S.ITS1o.Y1	0.00127959053103007	0.000373213904883771	0.00207933461292386	0.00138622307528258	0.0876519513755598	0.00127959053103007
ham.RS.4S.ITS1o.Y1	0.00199174847062171	0.000426803243704652	0.00341442594963722	0.00270308721012946	0.163821311708636	0.00184948072272016
tou2.Soil.N3.ITS1o.Y1	0.00137320720170888	0.000534025022886787	0.00289899298138541	0.00152578577967653	0.0710253280439426	0.000381446444919133
ham.RS.3P.ITS1o.Y1	0.00203843913803145	0.0001941370607649	0.00237817899437003	0.00150456222092798	0.110658124635993	0.00203843913803145
tou2.Soil.1P.ITS1o.Y1	0.00145522388059701	0.000373134328358209	0.0023134328358209	0.00141791044776119	0.100970149253731	0.00175373134328358
tou2.RP.4S.ITS1o.Y1	0.00217228464419476	0.000749063670411985	0.00352059925093633	0.00104868913857678	0.173782771535581	0.00314606741573034
tou2.Soil.N1.ITS1o.Y1	0.00151761517615176	0.00032520325203252	0.00287262872628726	0.00140921409214092	0.0999457994579946	0.00227642276422764
ham.RS.1P.ITS1o.Y1	0.0019963144963145	0.000614250614250614	0.00291769041769042	0.00127968877968878	0.126740376740377	0.0023034398034398
ham.Soil.2S.ITS1o.Y1	0.00104572125718933	0.000639051879393482	0.00278859001917156	0.00174286876198222	0.0912682275024691	0.00220763376517748
ham.Soil.3S.ITS1o.Y1	0.00209592906086256	0.00056428859330915	0.0026602176541717	0.00161225312374043	0.166465135026199	0.00290205562273277
ham.Root.3S.ITS1o.Y1	0.00144196106705119	0.000540735400144196	0.00234318673395818	0.00144196106705119	0.0838139870223504	0.000901225666906993
tou2.RP.3S.ITS1o.Y1	0.00148393356543576	0.000741966782717881	0.00291079276297015	0.00165515666913989	0.134923805718852	0.00525084184692655
tou2.RS.N2.ITS1o.Y1	0.00173819228002877	0.000479501318628626	0.00269719491728602	0.00185806760968593	0.128865979381443	0.00269719491728602
tou2.RS.1P.ITS1o.Y1	0.00150521449306526	0.000483818944199548	0.00231157940006451	0.00150521449306526	0.127244382324481	0.00198903343726481
tou2.RS.2P.ITS1o.Y1	0.00166254409796845	0.000486598272576132	0.00251409107497668	0.00154089452982442	0.109160212481246	0.0018247435221605
ham.RS.3S.ITS1o.Y1	0.00320822936293731	0.000865712685237052	0.00585629169425065	0.00300453226052859	0.259790191984519	0.00458318480419616
tou2.RP.2P.ITS1o.Y1	0.00205013512254217	0.00013978194017333	0.00256266890317771	0.00167738328207996	0.12091137824993	0.00177057124219551
tou2.RS.3P.ITS1o.Y1	0.00150375939849624	0.00025062656641604	0.00260651629072682	0.00150375939849624	0.120802005012531	0.00150375939849624
tou2.RS.4P.ITS1o.Y1	0.00154139455644343	0.000730134263578469	0.0022715288200219	0.00146026852715694	0.124974648115848	0.00141970551251369
tou2.Root.N3.ITS1o.Y1	0.00187400893758109	0.000384412089760223	0.00374801787516217	0.00216231800490125	0.139301331026861	0.00124933929172072
tou2.RP.1P.ITS1o.Y1	0.00179101663760192	0.000518452184568978	0.00315784512419286	0.00169675260404393	0.119244002450865	0.00160248857048593
ham.Root.3P.ITS1o.Y1	0.00207378301680856	0.000436585898275486	0.00267408862693735	0.00169177035581751	0.124481554245798	0.00201920977952412
tou2.RP.3P.ITS1o.Y1	0.00159802051652147	0.000360843342440332	0.00309294293520285	0.00144337336976133	0.125006443631115	0.00247435434816228
tou2.Root.4S.ITS1o.Y1	0	0	0.00441696113074205	0	0.146643109540636	0
tou2.Soil.4P.ITS1o.Y1	0.00148168103448276	0.000179597701149425	0.00152658045977012	0.00152658045977012	0.099676724137931	0.0014367816091954
ham.Root.N3.ITS1o.Y1	0.00308088729554112	0.000336096795877213	0.00341698409141833	0.00229666143849429	0.138079766972888	0.00168048397938606
ham.RS.4P.ITS1o.Y1	0.00098440699322728	0.000472515356749094	0.00173255630808001	0.00145692234997637	0.0989132146794771	0.00192943770672547
tou2.RS.N3.ITS1o.Y1	0.0016481471635919	0.000478494337817002	0.00255196980169068	0.00159498112605667	0.118932425966293	0.0011696528257749
ham.Root.N1.ITS1o.Y1	0.00148652833694642	0.00061938680706101	0.00303499535459895	0.00123877361412202	0.130195106844224	0.00241560854753794
tou2.RS.1S.ITS1o.Y1	0.000834724540901503	0.000834724540901503	0.00166944908180301	0.00166944908180301	0.0392320534223706	0
ham.RS.2P.ITS1o.Y1	0.00118980524766736	0.000187863986473793	0.00181601853591333	0.00100194126119356	0.0763353998371845	0.00169077587826414
tou2.Soil.2S.ITS1o.Y1	0.00192678227360308	0.000240847784200385	0.00445568400770713	0.00240847784200385	0.148362235067437	0.00313102119460501
tou2.RP.N1.ITS1o.Y1	0.00148414661569597	0.0007195862379132	0.00301326737126152	0.0019788621542613	0.128536091747245	0.00202383629413087
ham.RS.1S.ITS1o.Y1	0.00200471698113208	0.000707547169811321	0.00294811320754717	0.00153301886792453	0.0882075471698113	0.000943396226415094
tou2.RP.N3.ITS1o.Y1	0	0	0	0	0.00174825174825175	0
tou2.RP.N2.ITS1o.Y1	0	0	0	0	0.0172018348623853	0
tou2.Soil.1S.ITS1o.Y1	0.000893536750835622	0.000198563722407916	0.00138994605685541	0.000926630704570275	0.0626799483734322	0.000959724658304928
ham.RP.3S.ITS1o.Y1	0	0.00198281559814937	0.00132187706543291	0	0.261731658955717	0
ham.Soil.1P.ITS1o.Y1	0.00207969944988595	0.000402522474171475	0.0028847443982289	0.001274654501543	0.122433919227157	0.00187843821280021
tou2.Soil.N2.ITS1o.Y1	0.0015459933006957	0.000772996650347848	0.00412264880185519	0.00322081937644937	0.128317443957743	0.000772996650347848
ham.Soil.N2.ITS1o.Y1	0.00166587339362208	0.00087260034904014	0.0042836744407425	0.00237981913374584	0.11819768364271	0.00158654608916389
tou2.Root.1P.ITS1o.Y1	0.00195577552486629	0.000478965434661132	0.00231499960086214	0.0016364652350922	0.123014289135467	0.00215534445597509
tou2.RS.4S.ITS1o.Y1	0.00116115922395859	0.00043543470898447	0.00179012047026949	0.00212879191059074	0.0951182930959408	0.0018868837389327
ham.Root.2S.ITS1o.Y1	0.00160202360876897	0.00118043844856661	0.00202360876897133	0.00101180438448567	0.0973861720067454	0.000505902192242833
tou2.Root.N2.ITS1o.Y1	0.00122415669205658	0.000544069640914037	0.00285636561479869	0.00190424374319913	0.10038084874864	0.0014961915125136
tou2.RP.1S.ITS1o.Y1	0.00125701024946819	0.00038677238445175	0.00241732740282344	0.00135370334558113	0.0544382131115838	0.000676851672790563
ham.Soil.2P.ITS1o.Y1	0.00363080450984139	0.000668832409707625	0.00554175425186318	0.00334416204853812	0.255971717943818	0.00468182686795337
tou2.Root.1S.ITS1o.Y1	0.00107569495555681	0.00050953971579007	0.00288739172281039	0.00141538809941686	0.0991903980071336	0.00152861914737021
ham.RP.N1.ITS1o.Y1	0.00123456790123457	0	0.0037037037037037	0.00246913580246914	0.131481481481481	0.00246913580246914
ham.Soil.4S.ITS1o.Y1	0.00257779414472473	0.00138096114895968	0.00322224268090591	0.00220953783833548	0.179709077517952	0.00340637083410053
tou2.RS.3S.ITS1o.Y1	0.00112688753662384	0.000601006686199384	0.00277965592367215	0.00142739087972354	0.125535271579896	0.00187814589437307
ham.Root.N2.ITS1o.Y1	0.00204574066302979	0.000524548887956358	0.00236046999580361	0.00157364666386907	0.13281577843055	0.00225556021821234
ham.Soil.N3.ITS1o.Y1	0.00166389351081531	0.000554631170271769	0.00221852468108708	0.000887409872434831	0.0668885191347754	0.00110926234054354
ham.Root.4S.ITS1o.Y1	0.00148121815380969	0.00077023343998104	0.00213295414148596	0.00106647707074298	0.103626022040526	0.00112572579689537
tou2.Root.N1.ITS1o.Y1	0.00125523012552301	0.000278940027894003	0.00278940027894003	0.00118549511854951	0.114435146443515	0.00195258019525802
ham.RS.N2.ITS1o.Y1	0.00443318556048132	0.00177327422419253	0.00544648511716276	0.00443318556048132	0.220392653578214	0.00316656111462951
ham.Root.2P.ITS1o.Y1	0.0011062711747217	0.000553135587360852	0.00152112286524234	0.000829703381041278	0.115536195809998	0.00117541312314181
ham.Root.4P.ITS1o.Y1	0.0017570281124498	0.00043925702811245	0.00257279116465863	0.00144327309236948	0.127321787148594	0.00150602409638554
tou2.Root.3S.ITS1o.Y1	0	0	0	0	0.0958083832335329	0.0179640718562874
tou2.Soil.2P.ITS1o.Y1	0.00139128499081752	0.000333908397796205	0.00200345038677723	0.00172519338861372	0.0945517279759586	0.00150258779008292
ham.Root.1P.ITS1o.Y1	0.00186329758225777	0.0011361570623523	0.00254499181966915	0.00145428103981094	0.113161243410289	0.0017269587347755
tou2.RP.2S.ITS1o.Y1	0.00166890544225994	0.000488460129441934	0.00223877559327553	0.00179102047462043	0.102942972279888	0.00183172548540725
ham.Soil.4P.ITS1o.Y1	0.00164594001463058	0.000457205559619605	0.00256035113386979	0.00118873445501097	0.117593269934162	0.00256035113386979
ham.Soil.N1.ITS1o.Y1	0.00102867429600103	0.000514337148000514	0.00334319146200334	0.00115725858300116	0.0933521923620934	0.00205734859200206
ham.Soil.3P.ITS1o.Y1	0.00193324390436361	0.000433993529551014	0.00236723743391462	0.00145979641758068	0.137418133038744	0.0018937899471317
tou2.Root.2P.ITS1o.Y1	0	0.00112107623318386	0.00224215246636771	0	0.0672645739910314	0
ham.Root.1S.ITS1o.Y1	0.00181554103122731	0.000847252481239409	0.00290486564996369	0.00133139675623336	0.0922294843863471	0.00133139675623336
ham.RP.N3.ITS1o.Y1	0.0013094718463553	0.000436490615451768	0.00349192492361414	0.000872981230903536	0.117852466171977	0.00218245307725884
ham.RP.2P.ITS1o.Y1	0	0	0.00188412623645784	0	0.11822892133773	0
tou2.Root.2S.ITS1o.Y1	0.00166579906298803	0.000572618427902134	0.0032274856845393	0.00161374284226965	0.096668401874024	0.00119729307652264
tou2.Root.4P.ITS1o.Y1	0.00173405129141188	0.000730126859541845	0.00228164643606827	0.00246417815095373	0.132791822579173	0.00164278543396915
ham.RP.2S.ITS1o.Y1	0.00229095074455899	0	0	0	0.0939289805269187	0
ham.RP.4P.ITS1o.Y1	0	0.000577034045008655	0.000577034045008655	0.00173110213502597	0.0328909405654934	0.00750144258511252
ham.RP.N2.ITS1o.Y1	0.00319488817891374	0.00159744408945687	0.00479233226837061	0	0.134185303514377	0.0223642172523962
ham.RP.1P.ITS1o.Y1	0	0	0.00327868852459016	0	0.0754098360655738	0.0344262295081967
ham.RP.3P.ITS1o.Y1	0	0	0.00380952380952381	0	0.245714285714286	0
ham.RP.4S.ITS1o.Y1	0	0	0	0	0.0464135021097046	0
tou2.RS.2S.ITS1o.Y1	0	0	0	0.00313479623824451	0.22884012539185	0.00940438871473354
swe2.Root.N2.ITS1o.Y1	0.00158140814081408	0.00178767876787679	0.0117230473047305	0.00123762376237624	0.126787678767877	0.00195957095709571
swe2.RS.3S.ITS1o.Y1	0	0	0.00137362637362637	0	0.0796703296703297	0.000457875457875458
swe2.Soil.N3.ITS1o.Y1	0.00143043326234146	0.00171651991480975	0.00912298547315554	0.00149400807400108	0.133284592644394	0.00289265393051273
swe1.Root.3S.ITS1o.Y1	0.00231956802798692	0.00190128526884174	0.0119400714883261	0.00152102821507339	0.113925013308997	0.00212943950110275
swe2.Soil.2P.ITS1o.Y1	0.00399394856278366	0.003267776096823	0.0164599092284418	0.00205748865355522	0.24357034795764	0.00381240544629349
swe1.Soil.3P.ITS1o.Y1	0.00208659363588941	0.00182576943140323	0.00791166753608068	0.00121717962093549	0.121544079290558	0.0021735350373848
swe1.RS.1S.ITS1o.Y1	0.0016629960897119	0.00103375432603713	0.00952851813564655	0.00107870016629961	0.125174165131017	0.00251696705469909
swe1.Soil.2P.ITS1o.Y1	0.0029377726342028	0.00133535119736491	0.0115730437104959	0.00169144484999555	0.122674263331256	0.00195851508946853
swe1.RS.N3.ITS1o.Y1	0.00231338679827267	0.00277606415792721	0.0117211597779149	0.00190211803413531	0.161988484474604	0.00359860168620193
swe2.Root.1P.ITS1o.Y1	0.00197786672945609	0.00221332705439133	0.00904167647751354	0.000800565104779845	0.100164822227455	0.000941841299740994
swe2.RS.1S.ITS1o.Y1	0.00179988787583724	0.000944203475849046	0.0108878463308843	0.00129827977929244	0.140656811542888	0.00280310406892685
swe1.Root.4P.ITS1o.Y1	0.00259207257803219	0.00226806350577816	0.0106382978723404	0.0014580408251431	0.164380602656874	0.00329409223458257
swe1.Soil.1S.ITS1o.Y1	0.00181073846638325	0.00161391906786333	0.00948669500866005	0.000905369233191623	0.128680522752322	0.00204692174460715
swe2.Root.N1.ITS1o.Y1	0.00227644589884044	0.00135163975243651	0.00928363093120865	0.000995945080742691	0.146581774205022	0.00241872376751796
swe1.Soil.N2.ITS1o.Y1	0.00199453350077565	0.00243776316761469	0.0110807416709758	0.00103420255595775	0.152544877003767	0.00354583733471227
swe1.Root.3P.ITS1o.Y1	0.000908509707594468	0.000773915676839732	0.00279282613816077	0.000605673138396312	0.0601971802550557	0.000773915676839732
swe2.Root.3P.ITS1o.Y1	0.0018882009397093	0.00144908444210249	0.0119439687349054	0.0011856145435384	0.138014315197822	0.0016686426909059
swe2.Soil.1P.ITS1o.Y1	0.00196151690640762	0.000809514913755527	0.0102123419889159	0.0010585964256803	0.132231147643066	0.00233513917429479
swe2.Root.2S.ITS1o.Y1	0.0022764571973106	0.00312351103817036	0.00899994705913495	0.00100587643602096	0.13791095346498	0.00217057546720313
swe1.Soil.4P.ITS1o.Y1	0.00144992192728084	0.00133838947133616	0.00814186928396163	0.000948025875529779	0.129544947579746	0.002788311398617
swe1.RS.3P.ITS1o.Y1	0.00187657269586728	0.00153537766025504	0.00865782402866038	0.000938286347933638	0.133236661406577	0.00277220966434938
swe1.Root.N3.ITS1o.Y1	0.00294088814822076	0.00196059209881384	0.0136261150867562	0.00122537006175865	0.168120772473287	0.00235271051857661
swe2.Soil.3P.ITS1o.Y1	0.00252013367665589	0.00197227852955679	0.011066673971402	0.00126006683832795	0.150002739275735	0.00416369911795321
swe2.RS.N3.ITS1o.Y1	0.00278273278630039	0.00199785943631823	0.00756332500891901	0.00064216910453086	0.132929004637888	0.00264002854084909
swe1.Root.2S.ITS1o.Y1	0.00263340263340263	0.00106260106260106	0.0121506121506122	0.00143220143220143	0.0929082929082929	0.00138600138600139
swe1.RS.N2.ITS1o.Y1	0.00229683172329933	0.00168884685536716	0.00884955752212389	0.00114841586164967	0.155373910693778	0.00222927784908465
swe2.RS.3P.ITS1o.Y1	0.0021872551580047	0.00202402716113868	0.00747584225646383	0.00104465917994254	0.110113606685819	0.00241577435361713
swe2.RS.N1.ITS1o.Y1	0.00264956073072096	0.00174313205968484	0.013456979500767	0.00132478036536048	0.169362710918979	0.00299818714265793
swe1.Root.1P.ITS1o.Y1	0.00222154129002605	0.00153209744139727	0.00846483836371993	0.00107246820897809	0.128504672897196	0.00268117052244523
swe2.Soil.N2.ITS1o.Y1	0.00284431803030976	0.00164437136127283	0.0129327585440647	0.00155548642282565	0.171903470956846	0.00346651259944002
swe1.Soil.N1.ITS1o.Y1	0.00293056807935077	0.00150285542530809	0.00773970544033664	0.000976856026450256	0.144274120829576	0.00450856627592426
swe1.Soil.2S.ITS1o.Y1	0.00458756065284517	0.00299955888839876	0.0201146890163211	0.00238200264666961	0.253462726069696	0.00502867225408028
swe1.Soil.4S.ITS1o.Y1	0.00226162475122128	0.00135697485073277	0.00986068391532477	0.00135697485073277	0.130902840600688	0.00294011217658766
swe2.RS.2P.ITS1o.Y1	0.00196894153513926	0.00149258471212169	0.00911429388040268	0.00104798501063864	0.122487217758582	0.00292165518117438
swe2.Soil.2S.ITS1o.Y1	0.00208768267223382	0.00204418928322895	0.0105254001391788	0.00100034794711204	0.127392136395268	0.00226165622825331
swe2.Soil.1S.ITS1o.Y1	0.00234805382461844	0.00185135013094916	0.0120111984105482	0.00153526596225052	0.177187753996207	0.0038381649056263
swe2.Root.3S.ITS1o.Y1	0.00181408732641061	0.0016264231202302	0.0105091955461028	0.00106343050168898	0.114756662079319	0.00112598523708245
swe1.RS.2S.ITS1o.Y1	0.00298107020420331	0.00327917722462364	0.0239976151438366	0.00238485616336265	0.245043970785512	0.00551497987777612
swe1.Root.N1.ITS1o.Y1	0.00277435265104809	0.00118900827902061	0.00937995420116259	0.00105689624801832	0.150475603311608	0.00224590452703893
swe1.Soil.3S.ITS1o.Y1	0.00262299730611087	0.00177229547710194	0.00836523465192117	0.00106337728626117	0.111229264142918	0.00241032184885864
swe1.RS.1P.ITS1o.Y1	0.0016158689474564	0.00211734551735666	0.00824650359391542	0.00089151390204491	0.137070262439405	0.00339889675154622
swe1.Root.1S.ITS1o.Y1	0.00177957781050565	0.00239322533136966	0.0106161021109475	0.00104320078546883	0.0903289150711831	0.00141138929798724
swe1.RP.1P.ITS1o.Y1	0	0	0.00210526315789474	0	0.202105263157895	0.00210526315789474
swe1.Root.N2.ITS1o.Y1	0.00255703384074474	0.00175796076551201	0.0101482280554557	0.00091893403651764	0.146190419113828	0.00279675576331455
swe1.Root.2P.ITS1o.Y1	0.00215832601697395	0.00179250804799532	0.0104989757096869	0.00113403570383377	0.162532923617208	0.00332894351770559
swe1.RS.2P.ITS1o.Y1	0.00175534832693363	0.00170049369171695	0.0081733406472847	0.00065825562260011	0.142128359846407	0.00367526055951728
swe2.Root.2P.ITS1o.Y1	0.00181148104191392	0.0018739459054282	0.00812043225685552	0.0016240864513711	0.13067649447186	0.00193641076894247
swe1.RP.N2.ITS1o.Y1	0.00013080444735121	0	0.00078482668410726	0	0.0918247220405494	0.00052321778940484
swe1.Soil.N3.ITS1o.Y1	0.00243537942104389	0.00188188409807937	0.0078596335860962	0.00110699064592904	0.0980240216970167	0.00243537942104389
swe2.Root.N3.ITS1o.Y1	0.00151550477966892	0.0022149685241315	0.0115411517836325	0.00174865936115645	0.193051993471672	0.00338074143156913
swe1.RS.4S.ITS1o.Y1	0.00288609149524102	0.00159656125268652	0.00878108688977587	0.00110531163647528	0.12809333742708	0.00276327909118821
swe2.RS.N2.ITS1o.Y1	0.00517565872020075	0.00494040150564617	0.019055834378921	0.00211731493099122	0.254391468005019	0.00392095357590966
swe1.RS.3S.ITS1o.Y1	0.00150697969543147	0.00206218274111675	0.013880076142132	0.000951776649746193	0.121986040609137	0.00166560913705584
swe2.RS.1P.ITS1o.Y1	0.0065359477124183	0.0017825311942959	0.0130718954248366	0.0017825311942959	0.178847296494355	0.0011883541295306
swe1.Soil.1P.ITS1o.Y1	0.00173969072164948	0.00186855670103093	0.0086340206185567	0.0014819587628866	0.139497422680412	0.00225515463917526
swe1.RP.2P.ITS1o.Y1	0	0	0	0	0.353420195439739	0.00814332247557003
swe2.Soil.3S.ITS1o.Y1	0.00236496074165169	0.00231766152681865	0.0128653864345852	0.00179737016365528	0.189291457761801	0.0039258348311418
swe2.RP.2P.ITS1o.Y1	0.000914076782449726	0	0	0.00457038391224863	0.39945155393053	0.00182815356489945
swe1.RP.N3.ITS1o.Y1	0	0.000614439324116743	0.000307219662058372	0	0.0423963133640553	0.00522273425499232
swe2.RS.2S.ITS1o.Y1	0	0	0.000187617260787992	0.000375234521575985	0.0566604127579737	0.000469043151969981
swe1.Root.4S.ITS1o.Y1	0	0	0	0	0.30731548007838	0.00326583932070542
swe2.RP.1S.ITS1o.Y1	0.00102986611740474	0.00308959835221421	0.00720906282183316	0.00205973223480947	0.435633367662204	0.0607621009268795
swe2.Soil.N1.ITS1o.Y1	0	0.00351493848857645	0	0.00175746924428822	0.249560632688928	0.00527240773286467
swe2.RP.N3.ITS1o.Y1	0	0	0.00133868808567604	0	0.190093708165997	0.00803212851405622
swe1.RP.1S.ITS1o.Y1	0	0	0	0	0.0654582074521652	0.00201409869083585
swe1.RP.2S.ITS1o.Y1	0	0	0.00549450549450549	0	0.35989010989011	0.00686813186813187
swe1.RP.4S.ITS1o.Y1	0.00183150183150183	0	0.00183150183150183	0.00183150183150183	0.500915750915751	0.0256410256410256
swe2.RP.3S.ITS1o.Y1	0.00134861766689144	0.00202292650033715	0.00202292650033715	0	0.276466621712744	0.00876601483479434
swe1.RP.N1.ITS1o.Y1	0	0	0.0038259206121473	0	0.113821138211382	0
swe2.RP.N2.ITS1o.Y1	0.000648508430609598	0.000648508430609598	0.00907911802853437	0.00194552529182879	0.247081712062257	0.000648508430609598
swe2.Root.1S.ITS1o.Y1	0	0.00127105179536066	0.0063552589768033	0	0.295519542421354	0
swe2.RP.N1.ITS1o.Y1	0	0	0.000871839581517001	0	0.213019471083987	0.004649811101424
swe2.RP.1P.ITS1o.Y1	0.00227876946448918	0.00113938473224459	0.00569692366122294	0.00189897455374098	0.255981769844284	0.0125332320546905
swe2.RP.2S.ITS1o.Y1	0	0	0	0	0.297077922077922	0.0227272727272727
swe2.RP.3P.ITS1o.Y1	0	0	0.0168674698795181	0.00240963855421687	0.321686746987952	0.0072289156626506
swe1.RP.4P.ITS1o.Y1	0	0	0.00176678445229682	0	0.279151943462898	0
swe1.RP.3P.ITS1o.Y1	0	0	0.00183823529411765	0	0.345588235294118	0.00367647058823529
swe1.RP.3S.ITS1o.Y1	0.00607287449392713	0	0.00202429149797571	0	0.37246963562753	0
swe3.RP.1P.ITS1o.Y1	0.00192952168173048	0.000685487965877932	0.00319894384076368	0.00132019904539454	0.0914491723367523	0.00177719102264649
swe3.RP.2P.ITS1o.Y1	0.00138950293690393	0.000315796122023622	0.00360007579106929	0.00101054759047559	0.108381229078507	0.00486326027916377
swe3.RS.4S.ITS1o.Y1	0.00186638591117917	0.000765696784073507	0.00488131699846861	0.00200995405819296	0.137586140888208	0.0024406584992343
swe4.RS.4P.ITS1o.Y1	0.000468170882372066	0.000104037973860459	0.00146953638077898	0.000377137655244164	0.0273099681383705	0.000481175629104623
swe4.RS.2P.ITS1o.Y1	0.00163330169730947	0.000882865782329441	0.00498819167016134	0.00200851965479948	0.131723574723553	0.0024499525459642
swe3.RS.3P.ITS1o.Y1	0.00153259101714	0.000813211560115101	0.00456649568372326	0.00147003628174653	0.132741148504942	0.0024396346803453
swe4.Soil.3P.ITS1o.Y1	0.00216547612351651	0.000787445863096912	0.00517464424320828	0.00132178412734125	0.135159457787277	0.00258732212160414
swe3.Soil.N2.ITS1o.Y1	0.00213097287107614	0.00073764445537251	0.00696664207851815	0.0024588148512417	0.111056470781084	0.00213097287107614
swe3.Soil.1S.ITS1o.Y1	0.0019009835523597	0.00107446896437722	0.0055376477394826	0.00148772625836846	0.113893710223985	0.0017356806347632
swe3.RP.3P.ITS1o.Y1	0.0013111315064901	0.00039333945194703	0.00563786547790743	0.00301560246492723	0.11655959092697	0.00380228136882129
swe4.RS.4S.ITS1o.Y1	0.0020223649773971	0.000737568403521294	0.00447299547941946	0.00206995003568879	0.141684511063526	0.00245063050202237
swe3.Root.N3.ITS1o.Y1	0.00253349573690621	0.000584652862362972	0.00638246041412911	0.00224116930572473	0.175347137637028	0.00248477466504263
swe3.RS.2S.ITS1o.Y1	0.00304136253041363	0.000840847287820238	0.008587376556462	0.0020037211965078	0.187330041505653	0.00252254186346071
swe4.RS.1P.ITS1o.Y1	0.00219577393075356	0.00105015274949084	0.0053780549898167	0.00133655804480652	0.163601069246436	0.00299134419551935
swe3.RP.N2.ITS1o.Y1	0.000587615992948608	0.000930391988835296	0.00389295595328453	0.000832455990010528	0.112993658644076	0.00864285189628578
swe3.RS.1S.ITS1o.Y1	0.00128488748854774	0.000484160502931033	0.00311724877656365	0.00104653154864323	0.0772422217753048	0.00145620582035411
swe4.Root.3P.ITS1o.Y1	0.00210757282674597	0.000779513237289604	0.00571643040679043	0.00147241389265814	0.130409677512487	0.00233853971186881
swe4.Root.2P.ITS1o.Y1	0.00160778418107408	0.000438486594838386	0.00361229432890671	0.00119017790027562	0.131921824104235	0.00177482669339347
swe3.RS.N2.ITS1o.Y1	0.00195790504160548	0.00114211127426986	0.00530265948768151	0.00187632566487192	0.139949420786425	0.00244738130200685
swe3.Root.N1.ITS1o.Y1	0.00173283530363125	0.000808656475027918	0.00454387924063306	0.00154029804767222	0.148715776502753	0.00238746197389195
swe4.Root.N3.ITS1o.Y1	0.00181028240405503	0.000760318609703114	0.005756698044895	0.00188269370021723	0.159775524981897	0.00314989138305576
swe4.Soil.2P.ITS1o.Y1	0.00351900726952818	0.00162059545307219	0.0087512154465898	0.00351900726952818	0.285317405195166	0.00444506181414085
swe3.RS.3S.ITS1o.Y1	0.00189794479691991	0.000596496936174828	0.00517867794588146	0.0014099018491405	0.132015617374329	0.00219619326500732
swe4.Root.N2.ITS1o.Y1	0.00171328310455155	0.000743110744142842	0.00478893590669832	0.00177520899989679	0.136814944782743	0.00222933223242853
swe4.Root.N1.ITS1o.Y1	0.00245638660517345	0.000626629236013635	0.00576498897132545	0.00135351914978945	0.136805694806497	0.001930018046922
swe4.RP.N2.ITS1o.Y1	0.00108328819632515	0.000249989583767343	0.00316653472771968	0.000624973959418358	0.077996750135411	0.00183325694762718
swe4.Root.3S.ITS1o.Y1	0.00162431578478928	0.00082328334297539	0.00542921988340528	0.00137955587201282	0.0883805794134662	0.000867785145298385
swe3.RS.1P.ITS1o.Y1	0.00214404348482561	0.000845538275705873	0.00434848256077306	0.00108712064019327	0.121817907292768	0.00214404348482561
swe4.Root.2S.ITS1o.Y1	0.00157611443185535	0.000832664228149999	0.00401463110000892	0.0018734945133375	0.107502899455794	0.00154637642370714
swe4.Root.1P.ITS1o.Y1	0.00186028188742012	0.000984855116869474	0.00428959117569815	0.00137879716361726	0.122800490238992	0.00207913858005778
swe4.RS.N3.ITS1o.Y1	0.00176831106199136	0.00100472219431327	0.00466191098161358	0.00154727217924244	0.10019089721692	0.0016276499547875
swe3.Root.4S.ITS1o.Y1	0.00293492561481631	0.0010120433154539	0.0071855075397227	0.00182167796781702	0.132324663495598	0.00197348446513511
swe4.Soil.1P.ITS1o.Y1	0.0014756517461879	0.000750770186657002	0.00494472778108577	0.00157920625469231	0.124135967069666	0.00194164703445776
swe4.Soil.3S.ITS1o.Y1	0.00242490376163196	0.00109120669273438	0.00721408869085508	0.00154587614804037	0.182231517686642	0.00251583765269316
swe4.RS.3P.ITS1o.Y1	0.00169394529014536	0.000755408034794552	0.00393727824195948	0.00116744878104613	0.114616000915646	0.0016481629850063
swe4.Root.4S.ITS1o.Y1	0.00169133192389006	0.00108728480821504	0.0038961038961039	0.0027786167321051	0.113168227121715	0.00220477197221383
swe3.Root.3S.ITS1o.Y1	0.00160609569342248	0.000634968064841445	0.00466888282971651	0.00168079781869794	0.0983826989877862	0.000859074440667837
swe3.RS.N1.ITS1o.Y1	0.00195433952207515	0.000755085724438127	0.00421959669538954	0.00190992271475526	0.131296082437594	0.00195433952207515
swe3.Root.1S.ITS1o.Y1	0.00169075999661848	0.000803110998393778	0.00507227998985544	0.00131033899737932	0.117423281765153	0.00114126299771747
swe4.Soil.N2.ITS1o.Y1	0.0034952564376917	0.000713317640345246	0.00834581639203938	0.00192595762893216	0.105143020186889	0.00156929880875954
swe3.RS.N3.ITS1o.Y1	0.00224690520603697	0.00118704425979312	0.00432423266067492	0.00199253857893844	0.15512124809225	0.00199253857893844
swe3.RP.N3.ITS1o.Y1	0.000688441826665647	0.00076493536296183	0.00191233840740457	0.000994415971850379	0.0887325021035723	0.0136158494607206
swe3.Root.3P.ITS1o.Y1	0.00160476845483723	0.000878801772887055	0.00412654745529574	0.00152835090936879	0.139729481889042	0.00217790004585053
swe4.Root.4P.ITS1o.Y1	0.00185532904148784	0.000894134477825465	0.00525304005722461	0.00181062231759657	0.130990701001431	0.00187768240343348
swe4.RP.4S.ITS1o.Y1	0.000482625482625483	0	0.00241312741312741	0.000965250965250965	0.083976833976834	0.0323359073359073
swe3.Root.N2.ITS1o.Y1	0.00221520285515035	0.000451245026049145	0.00451245026049145	0.0017639578291012	0.145177831562538	0.00246133650572261
swe4.Root.1S.ITS1o.Y1	0.00195585359038838	0.00136599298376331	0.00416006954146099	0.000962404147651423	0.106392226258111	0.00173853652478967
swe4.RS.N1.ITS1o.Y1	0.00224002172142275	0.000780613630192778	0.00655036654900896	0.00149334781428184	0.166033125169699	0.00224002172142275
swe3.Soil.N1.ITS1o.Y1	0.00129762887814085	0.000589831308245842	0.00566238055916008	0.00129762887814085	0.0871770673587354	0.00165152766308836
swe3.Soil.1P.ITS1o.Y1	0.00170274872293846	0.000405416362604395	0.00445957998864834	0.00227033163058461	0.120165409875943	0.00113516581529231
swe4.RS.N2.ITS1o.Y1	0.00338951571713795	0.00222872266332358	0.0097042299298881	0.00399312810512142	0.263871476993082	0.00260017644054418
swe3.RP.2S.ITS1o.Y1	0.000442575791104227	0	0	0	0.0825403850409383	0.0345209117061297
swe4.Soil.4P.ITS1o.Y1	0.00212228977859355	0.000630951015257543	0.00556384077090742	0.00177813467936217	0.118217276585981	0.00180681427096478
swe4.Soil.N3.ITS1o.Y1	0.00227177114009255	0.000588977702986958	0.00403870424905343	0.000925536390408077	0.0760622633571729	0.0012620950778292
swe3.Root.1P.ITS1o.Y1	0.00185054338683086	0.000538339894350796	0.0036674405302648	0.00164866592644931	0.126711752632819	0.00242252952457858
swe4.RS.1S.ITS1o.Y1	0.00162406616195687	0.000524698298478375	0.0058966094495665	0.001798965594783	0.0954201334232816	0.00154910926217425
swe4.Soil.N1.ITS1o.Y1	0.00168439289667453	0.000625631647336253	0.00543818278069204	0.00163626738534097	0.0839790172770586	0.00125126329467251
swe3.RP.N1.ITS1o.Y1	0.00131609870740306	0.000423031727379553	0.00470035252643948	0.00122209165687427	0.102843713278496	0.00244418331374853
swe4.Soil.1S.ITS1o.Y1	0.00220068860256274	0.000567919639371029	0.00550172150640684	0.00184573882795584	0.172363610549107	0.00291058815177652
swe3.Soil.4S.ITS1o.Y1	0.00113481615978212	0.000453926463912846	0.00476622787108488	0.00181570585565138	0.122560145256468	0.00113481615978212
swe3.RS.2P.ITS1o.Y1	0.00191235576299754	0.000518604952677298	0.00414883962141838	0.000939971476727603	0.128646441073512	0.00175029171528588
swe4.RS.2S.ITS1o.Y1	0.00289247955316178	0.000997406742469579	0.00578495910632356	0.00209455415918612	0.0901156991821265	0.00109714741671654
swe3.RS.4P.ITS1o.Y1	0.00145886344359627	0.000746395250212044	0.00444444444444444	0.000983884648006785	0.108498727735369	0.00149279050042409
swe3.Root.2S.ITS1o.Y1	0.00192153722978383	0.00044035228182546	0.00620496397117694	0.00136108887109688	0.118654923939151	0.00192153722978383
swe3.Root.2P.ITS1o.Y1	0.00187751117119147	0.000450602681085952	0.00491907926852165	0.00123915737298637	0.160001502008937	0.00304156809733018
swe3.RP.4P.ITS1o.Y1	0.00129491744901263	0.000809323405632891	0.00161864681126578	0.000323729362253156	0.0819035286500486	0.00906442214308838
swe3.RP.4S.ITS1o.Y1	0	0.00221238938053097	0.00331858407079646	0	0.136061946902655	0.0176991150442478
swe4.RP.4P.ITS1o.Y1	0.00156412930135558	0.00121654501216545	0.00173792144595064	0	0.0954118873826903	0.00434480361487661
swe4.RP.N3.ITS1o.Y1	0.00190724754065449	0.000752860871310982	0.00446697450311183	0.00120457739409757	0.0934551294920699	0.00200762899016262
swe3.Soil.2S.ITS1o.Y1	0.00470132743362832	0.00165929203539823	0.0116150442477876	0.00235066371681416	0.249446902654867	0.00304203539823009
swe4.RS.3S.ITS1o.Y1	0.00258616636102882	0.00108148775097569	0.0101095594112945	0.00230403912164386	0.261437908496732	0.00366765411200451
swe3.RP.3S.ITS1o.Y1	0.00114898506319418	0	0.000382995021064726	0	0.0681731137495213	0.0329375718115665
swe3.Soil.2P.ITS1o.Y1	0.00191163976210705	0.000283205890682526	0.00587652223166242	0.00092041914471821	0.107830642877372	0.00162843387142453
swe4.Soil.2S.ITS1o.Y1	0.00167948856864232	0.000893921334922527	0.00520099685773107	0.0014086033156355	0.117780908007368	0.00189619677104778
swe4.Soil.4S.ITS1o.Y1	0.00240673886883273	0.00157363695269832	0.0049523280570212	0.00166620383226881	0.160233268536518	0.00273072294732945
swe3.Root.4P.ITS1o.Y1	0.0013997200559888	0.000799840031993601	0.00339932013597281	0.0021995600879824	0.173165366926615	0.0011997600479904
swe4.RP.1P.ITS1o.Y1	0.00270416441319632	0.000540832882639265	0.00270416441319632	0	0.0762574364521363	0.0194699837750135
swe4.RP.2S.ITS1o.Y1	0.000987166831194472	0.000987166831194472	0.000493583415597236	0	0.0700888450148075	0.0192497532082922
swe3.Soil.4P.ITS1o.Y1	0.00201864846678843	0.000961261174661155	0.00384504469864462	0.00115351340959339	0.0982408920503701	0.00144189176199173
swe3.Soil.N3.ITS1o.Y1	0.00134156157767642	0.000804936946605849	0.00415884089079689	0.00134156157767642	0.0744566675610411	0.00147571773544406
swe4.RP.3S.ITS1o.Y1	0.00121617512921861	0.000608087564609304	0.00425661295226513	0	0.09607783520827	0.0364852538765582
swe3.Soil.3P.ITS1o.Y1	0.00222010783380907	0.000105719420657575	0.00433449624696057	0.00148007188920605	0.0952531980124749	0.00222010783380907
swe3.Soil.3S.ITS1o.Y1	0.00237877401646844	0.00109789569990851	0.0040256175663312	0.00128087831655993	0.124611161939616	0.00182982616651418
swe4.RP.2P.ITS1o.Y1	0.000716845878136201	0	0.000716845878136201	0	0.121863799283154	0.0408602150537634
swe3.RP.1S.ITS1o.Y1	0	0	0.00120530333467256	0	0.0903977501004419	0.047408597830454
swe4.RP.N1.ITS1o.Y1	0.00132056784417299	0.000330141961043249	0.00462198745460548	0.00165070980521624	0.127764938923737	0.0135358204027732
swe4.RP.3P.ITS1o.Y1	0.000689179875947622	0	0.00206753962784287	0.000689179875947622	0.104755341144039	0.0323914541695383
swe4.RP.1S.ITS1o.Y1	0	0	0	0	0.129943502824859	0.0451977401129944
spa3.RS.2P.ITS1o.Y2	0	0	0	0	9.69048588096207e-05	5.81429152857724e-05
swe2.Root.1P.ITS1o.Y2	0	0	0.00029673590504451	0	0.00652818991097923	0
spa3.Soil.N1.ITS1o.Y2	0	0	0	0	0.000478684462465507	0
swe2.Soil.1P.ITS1o.Y2	0	0	0	0	0.00131159827618512	0
spa3.RS.N1.ITS1o.Y2	0	0	0	0	2.60750365050511e-05	2.23500312900438e-05
swe2.RS.2P.ITS1o.Y2	3.2136257732787e-05	0	0	0	0.000803406443319675	0
spa3.RS.4P.ITS1o.Y2	0	1.7318416404004e-05	0	0	0.000155865747636036	0
swe2.RP.2P.ITS1o.Y2	0.000389660994934407	0	0.000259773996622938	0	0.00987141187167165	0
spa3.RS.1P.ITS1o.Y2	0	0	0	0	0.000342638678496718	0
spa3.Soil.2P.ITS1o.Y2	0	0	0	0.000105574324324324	0	0
swe2.Soil.N1.ITS1o.Y2	0	0	0	0	0.000302730630285172	0
swe2.RS.1P.ITS1o.Y2	0	0	0	0	0	0
spa3.Soil.3P.ITS1o.Y2	0	0	0	0	0.00016514107766349	0
swe2.Soil.2P.ITS1o.Y2	0	0	2.80654486261963e-05	0	0.000336785383514355	0
spa3.RS.3P.ITS1o.Y2	0	7.49563379331539e-06	0	0	5.99650703465231e-05	0
swe2.RS.3P.ITS1o.Y2	0	0	4.3295666103823e-05	4.3295666103823e-05	0.000519547993245876	0
swe2.Root.2P.ITS1o.Y2	0.000135208220659816	0.00033802055164954	0.000405624661979448	6.76041103299081e-05	0.0128447809626825	0
swe2.Soil.3P.ITS1o.Y2	0	0	0	0	0.000799507995079951	0.0002460024600246
spa3.Soil.1P.ITS1o.Y2	0	0	0	0	0	0.00205636869481069
swe2.RP.3P.ITS1o.Y2	0	0	0	0	0.00477016478751084	0
swe2.Root.N1.ITS1o.Y2	0.000220312844238819	0	0.000220312844238819	0	0.0264375413086583	0
spa3.Soil.4P.ITS1o.Y2	0	0	0	0	0	0
swe2.Root.3P.ITS1o.Y2	0	0	0	0	0.00189753320683112	0
spa3.RP.4P.ITS1o.Y2	0	0	0	0	0	0
swe2.RS.N1.ITS1o.Y2	0	0	0	0	0.0214477211796247	0
swe2.RP.1P.ITS1o.Y2	0	0	0.00388475234703788	0	0	0
spa3.Root.3P.ITS1o.Y2	0	0	0	0	0.0066006600660066	0
spa3.RP.3P.ITS1o.Y2	0	0	0	0.0335195530726257	0.290502793296089	0
spa3.RP.N1.ITS1o.Y2	0	0	0.00657894736842105	0	0	0
spa3.Root.N1.ITS1o.Y2	0	0	0	0	0.0473372781065089	0.0118343195266272
spa3.RP.2P.ITS1o.Y2	0	0	0.00763358778625954	0	0.16793893129771	0
spa3.Root.4P.ITS1o.Y2	0.0129032258064516	0	0	0	0.0129032258064516	0
tub2.Soil.1P.ITS1o.Y2	0	0	0.0001288742831368	0	0.0001288742831368	0.0014176171145048
tub2.Soil.3P.ITS1o.Y2	0	0	0	0	0.00084985835694051	0
tou1.RS.4P.ITS1o.Y2	0	0	0	0	0	0.000183435751627992
tou1.RP.3P.ITS1o.Y2	0	0	0	0	0.000520682672837721	0
tou1.RP.1P.ITS1o.Y2	0	0	0	0	0.000139295166457724	0
tou1.RS.3P.ITS1o.Y2	0	0	0	0	0	0
tub2.Soil.N1.ITS1o.Y2	0	0	0	0	0.00085348506401138	0
tou1.Soil.2P.ITS1o.Y2	0	0	0	0	3.83039031677328e-05	0
tou1.RP.2P.ITS1o.Y2	0	0	0	0	0.000207684319833853	0
tou1.RS.N1.ITS1o.Y2	0	0	0	0	0.000106292517006803	0.000177154195011338
tub2.RS.3P.ITS1o.Y2	0	0	0	0	0.000388550705867116	0
tou1.RP.4P.ITS1o.Y2	0	0	0	0	0.000379817103456336	0
tub2.RS.4P.ITS1o.Y2	0	0	0	0	0.000583941605839416	0
tub2.RS.N1.ITS1o.Y2	0	0	0	0	0.000320958596341072	0.000106986198780357
tou1.RS.1P.ITS1o.Y2	0	0	0	0	7.09672840820382e-05	0
tub2.RP.2P.ITS1o.Y2	0	0	0	0	0.00231481481481481	0
tub2.RS.1P.ITS1o.Y2	0.000291290416545296	0.000291290416545296	0	0	0.00145645208272648	0
tou1.Soil.4P.ITS1o.Y2	0	0	0	0	1.27463226859051e-05	0
tou1.RS.2P.ITS1o.Y2	0	0	0	0	5.49058364904189e-05	0
tub2.Soil.4P.ITS1o.Y2	0	0	0	0	0	0
tub2.Soil.2P.ITS1o.Y2	0	0	0	0	0	0.000874125874125874
tub2.RP.4P.ITS1o.Y2	0	0	0	0	0.029126213592233	0
tou1.RP.N1.ITS1o.Y2	0	0	0.000605326876513317	0	0.00484261501210654	0
tou1.Soil.3P.ITS1o.Y2	0	0	0	0	3.32027359054386e-05	0
tou1.Soil.1P.ITS1o.Y2	0	0	0	0	3.5106196243637e-05	0
tub2.RS.2P.ITS1o.Y2	0	0	0	0	0.000311866521128957	0
tub2.RP.N1.ITS1o.Y2	0	0	0	0	0.0823045267489712	0
tub2.Root.3P.ITS1o.Y2	0	0	0.000763358778625954	0	0.00229007633587786	0
tou1.Soil.N1.ITS1o.Y2	0	0	0	0	0.000220409962530306	0
tub2.Root.2P.ITS1o.Y2	0	0	0.000927643784786642	0	0.00510204081632653	0
tub2.RP.3P.ITS1o.Y2	0	0	0.00212164073550212	0	0.0155586987270156	0
tub2.RP.1P.ITS1o.Y2	0	0	0	0	0.0168302945301543	0
tou1.Root.3P.ITS1o.Y2	0	0	0	0	0.0143540669856459	0
tou1.Root.N1.ITS1o.Y2	0	0	0.00602409638554217	0	0.171686746987952	0
tub2.Root.1P.ITS1o.Y2	0.00373134328358209	0	0	0.00373134328358209	0.0895522388059701	0
swe4.Root.N1.ITS1o.Y2	0	0	0	0	0.127893518518519	0
swe4.Root.3P.ITS1o.Y2	0	0	0	0	0.0489130434782609	0
swe4.Root.1P.ITS1o.Y2	0	0	0	0	0.130505709624796	0
tub3.Soil.3P.ITS1o.Y2	0	0	0	0	0.152380952380952	0
tub3.Soil.1P.ITS1o.Y2	0	0	0	0	0.140883977900552	0
tou2.Soil.2P.ITS1o.Y2	0	0	0	0	0.104	0
swe4.Root.2P.ITS1o.Y2	0	0	0	0	0.494791666666667	0
tou2.RS.4P.ITS1o.Y2	0	0	0	0	0.15	0
spa2.RS.4P.ITS1o.Y2	0	0	0	0	0.195697285393639	0
spa2.RS.2P.ITS1o.Y2	0	0	0	0	0.152865429973864	3.18735258494295e-05
spa2.Soil.N1.ITS1o.Y2	5.47060915232911e-05	8.20591372849367e-05	5.47060915232911e-05	0	0.264066303782926	0
spa2.Soil.4P.ITS1o.Y2	0	0	2.28206298493838e-05	0	0.236695572797809	0
swe3.Soil.4P.ITS1o.Y2	0	0	0.000252557141053163	0	0.62394241697184	0
spa2.Soil.1P.ITS1o.Y2	0	0	0	0	0.207158076298701	0.000101461038961039
spa2.Soil.2P.ITS1o.Y2	0	0	0	0	0.70287812233659	0
tub4.Soil.4P.ITS1o.Y2	3.00363439762112e-05	0	6.00726879524224e-05	0	0.14928062956177	0
swe3.Root.3P.ITS1o.Y2	0	0	0	0	0.117495663850501	0
swe3.Root.1P.ITS1o.Y2	0	0	0	0	0.106775197510175	0
swe3.RS.2P.ITS1o.Y2	0	0	1.91153419734679e-05	0	0.129774056657874	0
pulh.Soil.3P.ITS1o.Y2	4.12617853974541e-05	2.06308926987271e-05	4.12617853974541e-05	0	0.133977017185534	0
spa2.Soil.3P.ITS1o.Y2	0	0	3.05240987759836e-05	0	0.221971246298953	3.05240987759836e-05
pulh.RS.2P.ITS1o.Y2	4.31704368848213e-05	0.000129511310654464	0	0	0.157701605940252	0.000777067863926783
swe3.RS.3P.ITS1o.Y2	0	0	0	0	0.148912205821329	0
tub4.RS.2P.ITS1o.Y2	0	0	0	0	0.162269848592878	0
pulh.RP.N1.ITS1o.Y2	0	0	5.52028705492686e-05	0	0.107452387524151	8.28043058239028e-05
pulh.Soil.1P.ITS1o.Y2	0	6.10444708970485e-05	3.05222354485242e-05	0	0.154442511369533	0
tub4.RS.4P.ITS1o.Y2	0	4.11082792074324e-05	0	0	0.183301816985941	0
swe3.Root.4P.ITS1o.Y2	0	0	0	0	0.129009847157615	0
pulh.RS.3P.ITS1o.Y2	0	2.26249462657526e-05	0	4.52498925315052e-05	0.0800470598882328	6.78748387972579e-05
swe3.Soil.N1.ITS1o.Y2	0	0	4.3950248318903e-05	0	0.135454665318859	0
pulh.Root.3P.ITS1o.Y2	0	0	0	0	0.140441371975538	0
swe3.RS.1P.ITS1o.Y2	0	0	0	0	0.131832797427653	0
spa2.Root.3P.ITS1o.Y2	2.53916664550694e-05	0	0	0	0.134956707208694	0
tub4.RP.N1.ITS1o.Y2	0	0	0	0	0.126886020723505	0
swe3.Soil.2P.ITS1o.Y2	0	0	0	0	0.129083217307486	0
spa2.Root.4P.ITS1o.Y2	0	0	2.0633872565203e-05	0	0.130323539121822	0
tub4.Soil.2P.ITS1o.Y2	0	2.66844563042028e-05	0	0	0.150873915943963	0
pulh.Root.4P.ITS1o.Y2	0	0	0	0	0.131092681507348	0
pulh.RS.N1.ITS1o.Y2	3.7914691943128e-05	0	0	0	0.127924170616114	0
pulh.RS.1P.ITS1o.Y2	0	2.00928288693765e-05	0	0	0.0769957202274508	4.0185657738753e-05
pulh.Soil.2P.ITS1o.Y2	2.20201263955255e-05	4.4040252791051e-05	0.000154140884768679	0	0.137669830224825	0
pulh.RS.4P.ITS1o.Y2	0	0.000834028356964137	0	0.000151641519448025	0.336340890135719	0.000379103798620062
tub4.Soil.1P.ITS1o.Y2	3.2200933827081e-05	0	0	0	0.0946063435839639	0
spa2.RS.1P.ITS1o.Y2	0	0	0	0	0.202770391441469	0.0001607816461567
pulh.Soil.N1.ITS1o.Y2	0	2.86033008209147e-05	0	0	0.187866479791768	0.000143016504104574
spa2.RS.3P.ITS1o.Y2	0	0	0	0	0.368509967338664	0
swe3.Soil.3P.ITS1o.Y2	0	0	2.12255640693651e-05	0	0.125188376881116	0
swe3.RS.N1.ITS1o.Y2	0	3.05324865657059e-05	3.05324865657059e-05	0	0.12890815828041	0
pulh.Soil.4P.ITS1o.Y2	0	2.61643118785976e-05	5.23286237571952e-05	0	0.166588173731031	0
swe3.RS.4P.ITS1o.Y2	0	0	0	0	0.114620987321284	5.39519827353655e-05
swe3.Root.N1.ITS1o.Y2	0	0	0	0	0.145876007100915	0
tub4.RS.1P.ITS1o.Y2	2.71179086668836e-05	0	2.71179086668836e-05	0	0.100254908341469	0
swe3.Root.2P.ITS1o.Y2	0	0	0	0	0.150028729549097	0
spa2.RS.N1.ITS1o.Y2	0	6.96767001114827e-05	0	0	0.569188963210702	0
pulh.Root.N1.ITS1o.Y2	0	0.000147775971627013	0	0	0.538052312693956	0.000738879858135067
tub4.Root.N1.ITS1o.Y2	2.88375580355855e-05	0	2.88375580355855e-05	0	0.131960665570839	0
tub4.Soil.3P.ITS1o.Y2	0	0	0	0	0.192575132586918	0
pulh.Root.2P.ITS1o.Y2	0	0	0	0	0.118580375782881	0
spa2.Root.N1.ITS1o.Y2	0	0	0	0	0.0723404255319149	0
swe3.RP.2P.ITS1o.Y2	0	0	0	0	0.00446428571428571	0
tub4.Root.3P.ITS1o.Y2	0	0	0	0	0.00735294117647059	0
pulh.RP.1P.ITS1o.Y2	0.000791139240506329	0.000791139240506329	0.0055379746835443	0	0.00870253164556962	0
spa2.Root.2P.ITS1o.Y2	0	0	0	0	0.0336134453781513	0
spa2.RP.3P.ITS1o.Y2	0	0	0	0	0.161290322580645	0
pulh.RP.2P.ITS1o.Y2	0	0	0	0	0.00148148148148148	0
tub4.Root.4P.ITS1o.Y2	0	0	0	0	0.0240963855421687	0
swe3.RP.3P.ITS1o.Y2	0	0	0	0	0.00393700787401575	0
spa2.Root.1P.ITS1o.Y2	0	0	0	0	0.0831758034026465	0
tub4.RS.3P.ITS1o.Y2	0	0	0	0	0.14344262295082	0.0122950819672131
tub4.RP.2P.ITS1o.Y2	0	0	0	0	0.0146198830409357	0
swe3.Soil.1P.ITS1o.Y2	0	0	0	0	0.147540983606557	0
swe3.RP.1P.ITS1o.Y2	0	0	0	0	0.0234375	0
pulh.RP.4P.ITS1o.Y2	0.00480769230769231	0.00961538461538462	0.00240384615384615	0	0.00961538461538462	0
spa3.RS.2P.ITS1o.Y3	0	0	0	0	0.00133124963824738	0
swe2.RS.1P.ITS1o.Y3	0	0	0	0	0.00386100386100386	0
spa3.RP.1P.ITS1o.Y3	0	0	0	0	0.00463467829880044	0
spa3.RS.3P.ITS1o.Y3	0	0	0	0	0.0200610553859573	0.0148277365896206
spa1.RS.4P.ITS1o.Y3	0	0	0	0	0.000426015336552116	0.00497017892644135
swe4.RS.3P.ITS1o.Y3	0	0	0	0	0.0293685756240822	0
spa3.Soil.2P.ITS1o.Y3	0	0	0	0	8.49689863199932e-05	0
swe3.Soil.2P.ITS1o.Y3	0	0	0	0	0.0167865707434053	0
spa2.RS.4P.ITS1o.Y3	0	0.000124595066035385	0	0	0.471841515076003	0.00361325691502617
swe1.RS.1P.ITS1o.Y3	0	0	0	0	0	0
spa2.Soil.2P.ITS1o.Y3	0	0	0	0	0.727029438001784	0.0267618198037467
spa2.RS.3P.ITS1o.Y3	0	0	0	0	0.250922509225092	0.0725707257072571
swe2.Soil.2P.ITS1o.Y3	0	0	0	0	0.00055561729081009	0
swe3.RS.3P.ITS1o.Y3	0	0	0	0	0.0083955223880597	0
spa3.RP.2P.ITS1o.Y3	0	0	0	0	0.000267022696929239	0
spa3.Soil.1P.ITS1o.Y3	0	0	0	0	0.000174337517433752	0.00174337517433752
spa1.Soil.4P.ITS1o.Y3	0	0	0	0	0.000717617509867241	0
Ita.RP.1P.ITS1o.Y3	0	0	0	0	0.000508388408744281	0
spa3.RS.1P.ITS1o.Y3	0	0	0	0	0.00130344108446298	0.000260688216892596
swe2.Soil.3P.ITS1o.Y3	0	0	0	0	0.00384267631103074	0
swe4.Soil.2P.ITS1o.Y3	0	0	0	0	0.011352885525071	0
Ita.Soil.1P.ITS1o.Y3	0	0	0	0	0.000462748727441	0
swe2.Soil.1P.ITS1o.Y3	0	0	0	0	0.00309837335398916	0
spa2.RS.1P.ITS1o.Y3	0	0	0	0	0.347639484978541	0
swe1.RS.4P.ITS1o.Y3	0	0	0	0	0.00318471337579618	0
Ita.Soil.4P.ITS1o.Y3	0	0	0	0	0.00153846153846154	0
swe3.Soil.3P.ITS1o.Y3	0	0	0	0	0.01	0
Ita.Root.4P.ITS1o.Y3	0	0	0	0	0.00890207715133531	0
spa2.Soil.4P.ITS1o.Y3	0	0	0	0	0.880837359098229	0
swe4.Soil.3P.ITS1o.Y3	0	0	0	0	0.0165289256198347	0
spa2.Soil.3P.ITS1o.Y3	0	0	0	0	0.804295942720764	0.00159108989657916
Ita.RS.2P.ITS1o.Y3	0	0	0	0	0	0
swe3.Soil.1P.ITS1o.Y3	0	0	0	0	0.0172684458398744	0
Ita.Soil.2P.ITS1o.Y3	0	0	0	0	0	0
swe1.Soil.3P.ITS1o.Y3	0	0	0	0	0.626801152737752	0
swe4.Soil.1P.ITS1o.Y3	0	0	0	0	0.00576701268742791	0
spa2.RS.2P.ITS1o.Y3	0	0	0	0	0.182873730043541	0.223512336719884
Ita.RS.1P.ITS1o.Y3	0	0	0	0	0.0010989010989011	0
Ita.RS.3P.ITS1o.Y3	0	0	0	0	0.00495049504950495	0
swe1.Soil.4P.ITS1o.Y3	0	0	0	0	0.00348432055749129	0
spa2.Soil.1P.ITS1o.Y3	0	0	0	0	0.644117647058824	0
swe2.RS.2P.ITS1o.Y3	0	0	0	0	0.0117584179583111	0
swe1.Soil.2P.ITS1o.Y3	0	0	0	0	0.00928792569659443	0
swe3.RS.2P.ITS1o.Y3	0	0	0	0	0.0285493827160494	0
spa2.Root.1P.ITS1o.Y3	0	0	0	0	0.0377358490566038	0
swe1.RS.3P.ITS1o.Y3	0	0	0	0	0.0346820809248555	0
spa3.Root.3P.ITS1o.Y3	0	0	0	0	0.0736842105263158	0
swe1.Root.2P.ITS1o.Y3	0	0	0	0	0.0892857142857143	0
swe1.Root.4P.ITS1o.Y3	0	0	0	0	0.0421940928270042	0
swe4.RS.2P.ITS1o.Y3	0	0	0	0	0.0611510791366906	0
swe2.RS.3P.ITS1o.Y3	0	0	0	0	0.0305343511450382	0
swe3.RS.1P.ITS1o.Y3	0	0	0	0	0.0194003527336861	0
swe1.RS.2P.ITS1o.Y3	0	0	0	0	0.0495049504950495	0
Ita.Root.1P.ITS1o.Y3	0	0	0	0	0.020979020979021	0.00699300699300699
swe1.Soil.1P.ITS1o.Y3	0	0	0	0	0.00574712643678161	0
Ita.RP.4P.ITS1o.Y3	0	0	0	0	0.131736526946108	0
Ita.RS.4P.ITS1o.Y3	0	0	0	0	0	0
spa1.Root.4P.ITS1o.Y3	0	0	0	0	0.0182481751824818	0
spa1.Soil.1P.ITS1o.Y3	0	0	0	0	0	0.0072463768115942
Ita.RP.2P.ITS1o.Y3	0	0	0	0	0.0234375	0
swe4.RS.1P.ITS1o.Y3	0	0	0	0	0.0300429184549356	0
tub3.Soil.2P.ITS1o.Y3	0	0	0	0	0.000281879485678354	0.00466185303237278
swe2.Root.1P.ITS1o.Y3	0	0	0	0	8.77116042452416e-05	0
tou1.RP.3P.ITS1o.Y3	0	0	0	0	0	0
tub4.Soil.4P.ITS1o.Y3	0	0	0	0	0.00122050447518308	0.00447518307567128
tub4.RS.3P.ITS1o.Y3	0	0	0	0	0.000455235204855842	0.00212443095599393
tub2.RS.2P.ITS1o.Y3	0	0	0	0	0.000194931773879142	0.00545808966861598
tub3.RS.2P.ITS1o.Y3	0	0	0	0	8.43241420018551e-05	0.018045366388397
pulh.Soil.4P.ITS1o.Y3	0	0	0	0	0.000547920186292863	0.000502260170768458
tub2.Soil.3P.ITS1o.Y3	0	0	0	0	0.00161456039923675	0.0036694554528108
pulh.RS.2P.ITS1o.Y3	0	0.000132837407013815	0.000996280552603613	0	9.96280552603613e-05	0.000199256110520723
tub4.RS.2P.ITS1o.Y3	0	0	0	0	0	0.00138644283733653
tub3.RS.3P.ITS1o.Y3	0	0	0	0	0.000114933721553904	0.00704926825530611
tub2.RS.3P.ITS1o.Y3	0	0	0	0	0.000133297787256732	0.00306584910690483
pulh.RS.4P.ITS1o.Y3	0	0	0	0	0.000326169680716124	7.24821512702497e-05
tub3.Soil.1P.ITS1o.Y3	0	0	0	0	0.000609318996415771	0.00670250896057348
tub3.Soil.4P.ITS1o.Y3	0	0	0	0	8.91464229997771e-05	0.0224871852016938
tub3.RS.4P.ITS1o.Y3	0	0	0	0	4.55580865603645e-05	0.0026879271070615
tub3.RS.1P.ITS1o.Y3	0	0	0	0	0.000230276792704831	0.161516142403169
pulh.Soil.2P.ITS1o.Y3	0	0	0	0	0.000350262697022767	0.0256859311150029
tou1.RS.3P.ITS1o.Y3	0	0	0	0	7.60687661646128e-05	0.000228206298493838
tub4.Soil.3P.ITS1o.Y3	0	0	0	0	0	0.0117728531855956
tou1.RS.4P.ITS1o.Y3	0	0	0	0	0.00015016518169987	0.00205225748323155
tub4.RS.1P.ITS1o.Y3	0	0	0	0	0	0.00288053365676167
pulh.RS.1P.ITS1o.Y3	7.65169485040937e-05	0.000459101691024562	0.00214247455811462	0	7.65169485040937e-05	0.00191292371260234
tou1.Soil.1P.ITS1o.Y3	0	0	0	0	5.59910414333707e-05	0.000391937290033595
tub2.RS.1P.ITS1o.Y3	0	0	0	0	0.000283822138126774	0.00141911069063387
pulh.Soil.1P.ITS1o.Y3	0	0.000157170923379175	0.000785854616895874	0	0	0.00141453831041257
tub3.Soil.3P.ITS1o.Y3	0	0	0	0	0.000960153624579933	0.029551394889849
tub2.Soil.2P.ITS1o.Y3	0	0	0	0	0.000447894893998208	0.00261272021498955
pulh.Root.3P.ITS1o.Y3	0	0	0	0	0.0727496917385943	0.00945334977394164
pulh.RS.3P.ITS1o.Y3	0.000301454518049589	0.00082899992463637	0.00452181777074384	7.53636295123973e-05	0	0.000753636295123973
tou1.RS.1P.ITS1o.Y3	0	0	0	0	0.000163358653924692	0.00122518990443519
tou1.Soil.2P.ITS1o.Y3	0	0	0	0	6.74399784192069e-05	0.001955759374157
tou1.Soil.3P.ITS1o.Y3	0	0	0	0	0	0.00280504908835905
tub2.RS.4P.ITS1o.Y3	0	0	0	0	0.000861326442721792	0.00186620729256388
tub2.Root.2P.ITS1o.Y3	0	0	0	0	0	0.0569105691056911
tou1.Soil.4P.ITS1o.Y3	0	0	0	0	0.000708089927420782	0.0238980350504514
tub2.Soil.4P.ITS1o.Y3	0	0	0	0	0.000622509960159363	0.00149402390438247
tub4.Soil.1P.ITS1o.Y3	0	0	0	0	0.000833333333333333	0.0225
pulh.RP.3P.ITS1o.Y3	0.00130718954248366	0.0163398692810458	0.061437908496732	0	0	0.00326797385620915
pulh.RP.1P.ITS1o.Y3	0.000427807486631016	0.000855614973262032	0.0166844919786096	0	0	0
tou1.Root.1P.ITS1o.Y3	0	0	0	0	0.00647249190938511	0.0226537216828479
swe3.Root.1P.ITS1o.Y3	0	0	0	0	0.0574412532637076	0
tou1.RS.2P.ITS1o.Y3	0	0	0	0	0	0.00114755666061012
pulh.Soil.3P.ITS1o.Y3	0	0	0	0	0.00205068111908598	0.00322249890142083
tub2.RP.4P.ITS1o.Y3	0	0	0	0	0	0.143712574850299
pulh.RP.4P.ITS1o.Y3	0	0	0	0	0	0
tub2.Root.3P.ITS1o.Y3	0	0	0	0	0.00194363459669582	0.0204081632653061
tub3.RP.2P.ITS1o.Y3	0	0	0	0	0	0.00982658959537572
pulh.RP.2P.ITS1o.Y3	0.0010334849111203	0.00372054568003307	0.0239768499379909	0	0	0
tub4.RS.4P.ITS1o.Y3	0	0	0	0	0.000318572793883402	0.000955718381650207
tub3.Root.2P.ITS1o.Y3	0	0	0	0	0.018970189701897	0.043360433604336
swe4.RP.2P.ITS1o.Y3	0	0	0	0	0.197183098591549	0
swe3.Root.3P.ITS1o.Y3	0	0	0	0	0.0533333333333333	0.00121212121212121
swe3.Root.2P.ITS1o.Y3	0	0	0	0	0.0656934306569343	0
tub2.Soil.1P.ITS1o.Y3	0	0	0	0	0.000669344042838019	0.00803212851405622
swe4.Root.1P.ITS1o.Y3	0	0	0	0	0.12008072653885	0
tub4.Soil.2P.ITS1o.Y3	0	0	0	0	0.0153846153846154	0.0333333333333333
tub3.Root.1P.ITS1o.Y3	0	0	0	0	0.00395256916996047	0.0464426877470356
tub3.RP.3P.ITS1o.Y3	0	0	0	0	0	0.025
swe4.Root.2P.ITS1o.Y3	0	0	0	0	0	0
tou1.Root.4P.ITS1o.Y3	0	0	0	0	0.0060790273556231	0.0364741641337386
pulh.Root.2P.ITS1o.Y3	0	0	0	0	0	0.0909090909090909
tou1.RP.4P.ITS1o.Y3	0	0	0	0	0.000635727908455181	0.00127145581691036
tub4.Root.2P.ITS1o.Y3	0	0	0	0	0.0078125	0.046875
tub2.Root.1P.ITS1o.Y3	0	0	0	0	0	0.0352112676056338
swe2.Root.3P.ITS1o.Y3	0	0	0	0	0.008	0
tub4.Root.3P.ITS1o.Y3	0	0	0	0	0.0769230769230769	0.0307692307692308
swe2.Root.2P.ITS1o.Y3	0	0	0	0	0.0288065843621399	0
tou1.RP.2P.ITS1o.Y3	0	0	0	0	0	0.0245901639344262
tub4.Root.1P.ITS1o.Y3	0	0	0	0	0.0464135021097046	0.0759493670886076
swe4.Root.3P.ITS1o.Y3	0	0	0	0	0.0995475113122172	0
pulh.Root.1P.ITS1o.Y3	0	0	0	0	0.0795180722891566	0.0240963855421687
tub4.Root.4P.ITS1o.Y3	0	0	0	0	0.00558659217877095	0.0446927374301676
swe4.RP.3P.ITS1o.Y3	0	0	0	0	0	0
tou1.Root.2P.ITS1o.Y3	0	0	0	0	0.00829875518672199	0.020746887966805
tou1.Root.3P.ITS1o.Y3	0	0	0	0	0.00884955752212389	0.0707964601769911
tub2.Root.4P.ITS1o.Y3	0	0	0	0	0.00802139037433155	0.0695187165775401
tou1.RP.1P.ITS1o.Y3	0	0	0	0	0.0392927308447937	0
tub2.RP.1P.ITS1o.Y3	0	0	0	0	0.03125	0
pulh.Root.4P.ITS1o.Y3	0	0	0	0	0.0317460317460317	0.0793650793650794
tub3.Root.4P.ITS1o.Y3	0	0	0	0	0.00934579439252336	0.0373831775700935
tub3.Root.3P.ITS1o.Y3	0	0	0	0	0.00546448087431694	0.133879781420765
swe4.RP.1P.ITS1o.Y3	0	0	0	0	0.153153153153153	0
swe3.RP.1P.ITS1o.Y3	0	0	0	0	0.0285714285714286	0
